           2   1.50000000    
           3   1.25000000    
           4   1.16666663    
           5   1.12500000    
           6   1.10000002    
           7   1.08333337    
           8   1.07142854    
           9   1.06250000    
          10   1.05555558    
          11   1.04999995    
          12   1.04545450    
          13   1.04166663    
          14   1.03846157    
          15   1.03571427    
          16   1.03333330    
          17   1.03125000    
          18   1.02941179    
          19   1.02777779    
          20   1.02631581    
          21   1.02499998    
          22   1.02380955    
          23   1.02272725    
          24   1.02173913    
          25   1.02083337    
          26   1.01999998    
          27   1.01923072    
          28   1.01851857    
          29   1.01785719    
          30   1.01724136    
          31   1.01666665    
          32   1.01612902    
          33   1.01562500    
          34   1.01515150    
          35   1.01470590    
          36   1.01428568    
          37   1.01388884    
          38   1.01351357    
          39   1.01315784    
          40   1.01282048    
          41   1.01250005    
          42   1.01219511    
          43   1.01190472    
          44   1.01162791    
          45   1.01136363    
          46   1.01111114    
          47   1.01086962    
          48   1.01063836    
          49   1.01041663    
          50   1.01020408    
          51   1.00999999    
          52   1.00980389    
          53   1.00961542    
          54   1.00943398    
          55   1.00925922    
          56   1.00909090    
          57   1.00892854    
          58   1.00877190    
          59   1.00862074    
          60   1.00847459    
          61   1.00833333    
          62   1.00819671    
          63   1.00806451    
          64   1.00793648    
          65   1.00781250    
          66   1.00769234    
          67   1.00757575    
          68   1.00746274    
          69   1.00735295    
          70   1.00724638    
          71   1.00714290    
          72   1.00704229    
          73   1.00694442    
          74   1.00684929    
          75   1.00675678    
          76   1.00666666    
          77   1.00657892    
          78   1.00649345    
          79   1.00641024    
          80   1.00632906    
          81   1.00625002    
          82   1.00617290    
          83   1.00609756    
          84   1.00602412    
          85   1.00595236    
          86   1.00588238    
          87   1.00581396    
          88   1.00574708    
          89   1.00568187    
          90   1.00561798    
          91   1.00555551    
          92   1.00549448    
          93   1.00543475    
          94   1.00537634    
          95   1.00531912    
          96   1.00526321    
          97   1.00520837    
          98   1.00515461    
          99   1.00510204    
         100   1.00505054    
         101   1.00500000    
         102   1.00495052    
         103   1.00490201    
         104   1.00485432    
         105   1.00480771    
         106   1.00476193    
         107   1.00471699    
         108   1.00467288    
         109   1.00462961    
         110   1.00458717    
         111   1.00454545    
         112   1.00450456    
         113   1.00446427    
         114   1.00442481    
         115   1.00438595    
         116   1.00434780    
         117   1.00431037    
         118   1.00427353    
         119   1.00423729    
         120   1.00420165    
         121   1.00416672    
         122   1.00413227    
         123   1.00409842    
         124   1.00406504    
         125   1.00403225    
         126   1.00399995    
         127   1.00396824    
         128   1.00393701    
         129   1.00390625    
         130   1.00387597    
         131   1.00384617    
         132   1.00381684    
         133   1.00378788    
         134   1.00375938    
         135   1.00373137    
         136   1.00370371    
         137   1.00367641    
         138   1.00364959    
         139   1.00362325    
         140   1.00359714    
         141   1.00357139    
         142   1.00354612    
         143   1.00352108    
         144   1.00349653    
         145   1.00347221    
         146   1.00344825    
         147   1.00342464    
         148   1.00340140    
         149   1.00337839    
         150   1.00335574    
         151   1.00333333    
         152   1.00331128    
         153   1.00328946    
         154   1.00326800    
         155   1.00324678    
         156   1.00322580    
         157   1.00320518    
         158   1.00318468    
         159   1.00316453    
         160   1.00314462    
         161   1.00312495    
         162   1.00310564    
         163   1.00308645    
         164   1.00306749    
         165   1.00304878    
         166   1.00303030    
         167   1.00301206    
         168   1.00299406    
         169   1.00297618    
         170   1.00295854    
         171   1.00294113    
         172   1.00292397    
         173   1.00290692    
         174   1.00289023    
         175   1.00287354    
         176   1.00285709    
         177   1.00284088    
         178   1.00282490    
         179   1.00280905    
         180   1.00279331    
         181   1.00277781    
         182   1.00276244    
         183   1.00274730    
         184   1.00273228    
         185   1.00271738    
         186   1.00270271    
         187   1.00268817    
         188   1.00267375    
         189   1.00265956    
         190   1.00264549    
         191   1.00263155    
         192   1.00261784    
         193   1.00260413    
         194   1.00259066    
         195   1.00257730    
         196   1.00256407    
         197   1.00255108    
         198   1.00253808    
         199   1.00252521    
         200   1.00251257    
         201   1.00250006    
         202   1.00248754    
         203   1.00247526    
         204   1.00246310    
         205   1.00245094    
         206   1.00243902    
         207   1.00242722    
         208   1.00241542    
         209   1.00240386    
         210   1.00239229    
         211   1.00238097    
         212   1.00236964    
         213   1.00235844    
         214   1.00234747    
         215   1.00233650    
         216   1.00232553    
         217   1.00231481    
         218   1.00230420    
         219   1.00229359    
         220   1.00228310    
         221   1.00227273    
         222   1.00226247    
         223   1.00225222    
         224   1.00224221    
         225   1.00223219    
         226   1.00222218    
         227   1.00221241    
         228   1.00220263    
         229   1.00219297    
         230   1.00218344    
         231   1.00217390    
         232   1.00216448    
         233   1.00215518    
         234   1.00214589    
         235   1.00213671    
         236   1.00212765    
         237   1.00211859    
         238   1.00210965    
         239   1.00210083    
         240   1.00209200    
         241   1.00208330    
         242   1.00207472    
         243   1.00206614    
         244   1.00205767    
         245   1.00204921    
         246   1.00204086    
         247   1.00203252    
         248   1.00202429    
         249   1.00201619    
         250   1.00200808    
         251   1.00199997    
         252   1.00199199    
         253   1.00198412    
         254   1.00197625    
         255   1.00196850    
         256   1.00196075    
         257   1.00195312    
         258   1.00194550    
         259   1.00193799    
         260   1.00193048    
         261   1.00192308    
         262   1.00191569    
         263   1.00190842    
         264   1.00190115    
         265   1.00189400    
         266   1.00188684    
         267   1.00187969    
         268   1.00187266    
         269   1.00186563    
         270   1.00185871    
         271   1.00185180    
         272   1.00184500    
         273   1.00183821    
         274   1.00183153    
         275   1.00182486    
         276   1.00181818    
         277   1.00181162    
         278   1.00180507    
         279   1.00179851    
         280   1.00179207    
         281   1.00178576    
         282   1.00177932    
         283   1.00177300    
         284   1.00176680    
         285   1.00176060    
         286   1.00175440    
         287   1.00174820    
         288   1.00174212    
         289   1.00173616    
         290   1.00173008    
         291   1.00172412    
         292   1.00171816    
         293   1.00171232    
         294   1.00170648    
         295   1.00170064    
         296   1.00169492    
         297   1.00168920    
         298   1.00168347    
         299   1.00167787    
         300   1.00167227    
         301   1.00166667    
         302   1.00166118    
         303   1.00165558    
         304   1.00165021    
         305   1.00164473    
         306   1.00163937    
         307   1.00163400    
         308   1.00162864    
         309   1.00162339    
         310   1.00161815    
         311   1.00161290    
         312   1.00160778    
         313   1.00160253    
         314   1.00159740    
         315   1.00159240    
         316   1.00158727    
         317   1.00158226    
         318   1.00157726    
         319   1.00157237    
         320   1.00156736    
         321   1.00156248    
         322   1.00155759    
         323   1.00155282    
         324   1.00154793    
         325   1.00154316    
         326   1.00153852    
         327   1.00153375    
         328   1.00152910    
         329   1.00152445    
         330   1.00151980    
         331   1.00151515    
         332   1.00151062    
         333   1.00150597    
         334   1.00150156    
         335   1.00149703    
         336   1.00149250    
         337   1.00148809    
         338   1.00148368    
         339   1.00147927    
         340   1.00147498    
         341   1.00147057    
         342   1.00146627    
         343   1.00146198    
         344   1.00145769    
         345   1.00145352    
         346   1.00144923    
         347   1.00144506    
         348   1.00144088    
         349   1.00143683    
         350   1.00143266    
         351   1.00142860    
         352   1.00142455    
         353   1.00142050    
         354   1.00141644    
         355   1.00141239    
         356   1.00140846    
         357   1.00140452    
         358   1.00140059    
         359   1.00139666    
         360   1.00139272    
         361   1.00138891    
         362   1.00138509    
         363   1.00138116    
         364   1.00137746    
         365   1.00137365    
         366   1.00136983    
         367   1.00136614    
         368   1.00136244    
         369   1.00135875    
         370   1.00135505    
         371   1.00135136    
         372   1.00134766    
         373   1.00134408    
         374   1.00134051    
         375   1.00133693    
         376   1.00133336    
         377   1.00132978    
         378   1.00132620    
         379   1.00132275    
         380   1.00131929    
         381   1.00131583    
         382   1.00131238    
         383   1.00130892    
         384   1.00130546    
         385   1.00130212    
         386   1.00129867    
         387   1.00129533    
         388   1.00129199    
         389   1.00128865    
         390   1.00128531    
         391   1.00128210    
         392   1.00127876    
         393   1.00127554    
         394   1.00127232    
         395   1.00126898    
         396   1.00126576    
         397   1.00126266    
         398   1.00125945    
         399   1.00125623    
         400   1.00125313    
         401   1.00125003    
         402   1.00124693    
         403   1.00124383    
         404   1.00124073    
         405   1.00123763    
         406   1.00123453    
         407   1.00123155    
         408   1.00122845    
         409   1.00122547    
         410   1.00122249    
         411   1.00121951    
         412   1.00121653    
         413   1.00121355    
         414   1.00121069    
         415   1.00120771    
         416   1.00120485    
         417   1.00120187    
         418   1.00119901    
         419   1.00119615    
         420   1.00119328    
         421   1.00119042    
         422   1.00118768    
         423   1.00118482    
         424   1.00118208    
         425   1.00117922    
         426   1.00117648    
         427   1.00117373    
         428   1.00117099    
         429   1.00116825    
         430   1.00116551    
         431   1.00116277    
         432   1.00116014    
         433   1.00115740    
         434   1.00115478    
         435   1.00115204    
         436   1.00114942    
         437   1.00114679    
         438   1.00114417    
         439   1.00114155    
         440   1.00113893    
         441   1.00113642    
         442   1.00113380    
         443   1.00113118    
         444   1.00112867    
         445   1.00112617    
         446   1.00112355    
         447   1.00112104    
         448   1.00111854    
         449   1.00111604    
         450   1.00111353    
         451   1.00111115    
         452   1.00110865    
         453   1.00110614    
         454   1.00110376    
         455   1.00110137    
         456   1.00109887    
         457   1.00109649    
         458   1.00109410    
         459   1.00109172    
         460   1.00108933    
         461   1.00108695    
         462   1.00108457    
         463   1.00108230    
         464   1.00107992    
         465   1.00107753    
         466   1.00107527    
         467   1.00107300    
         468   1.00107062    
         469   1.00106835    
         470   1.00106609    
         471   1.00106382    
         472   1.00106156    
         473   1.00105929    
         474   1.00105703    
         475   1.00105488    
         476   1.00105262    
         477   1.00105047    
         478   1.00104821    
         479   1.00104606    
         480   1.00104380    
         481   1.00104165    
         482   1.00103951    
         483   1.00103736    
         484   1.00103521    
         485   1.00103307    
         486   1.00103092    
         487   1.00102878    
         488   1.00102675    
         489   1.00102460    
         490   1.00102246    
         491   1.00102043    
         492   1.00101829    
         493   1.00101626    
         494   1.00101423    
         495   1.00101209    
         496   1.00101006    
         497   1.00100803    
         498   1.00100601    
         499   1.00100398    
         500   1.00100195    
         501   1.00100005    
         502   1.00099802    
         503   1.00099599    
         504   1.00099409    
         505   1.00099206    
         506   1.00099015    
         507   1.00098813    
         508   1.00098622    
         509   1.00098431    
         510   1.00098228    
         511   1.00098038    
         512   1.00097847    
         513   1.00097656    
         514   1.00097466    
         515   1.00097275    
         516   1.00097084    
         517   1.00096893    
         518   1.00096714    
         519   1.00096524    
         520   1.00096345    
         521   1.00096154    
         522   1.00095963    
         523   1.00095785    
         524   1.00095606    
         525   1.00095415    
         526   1.00095236    
         527   1.00095057    
         528   1.00094879    
         529   1.00094700    
         530   1.00094521    
         531   1.00094342    
         532   1.00094163    
         533   1.00093985    
         534   1.00093806    
         535   1.00093639    
         536   1.00093460    
         537   1.00093281    
         538   1.00093114    
         539   1.00092936    
         540   1.00092769    
         541   1.00092590    
         542   1.00092423    
         543   1.00092256    
         544   1.00092077    
         545   1.00091910    
         546   1.00091743    
         547   1.00091577    
         548   1.00091410    
         549   1.00091243    
         550   1.00091076    
         551   1.00090909    
         552   1.00090742    
         553   1.00090575    
         554   1.00090420    
         555   1.00090253    
         556   1.00090086    
         557   1.00089931    
         558   1.00089765    
         559   1.00089610    
         560   1.00089443    
         561   1.00089288    
         562   1.00089121    
         563   1.00088966    
         564   1.00088811    
         565   1.00088656    
         566   1.00088501    
         567   1.00088334    
         568   1.00088179    
         569   1.00088024    
         570   1.00087869    
         571   1.00087714    
         572   1.00087571    
         573   1.00087416    
         574   1.00087261    
         575   1.00087106    
         576   1.00086951    
         577   1.00086808    
         578   1.00086653    
         579   1.00086510    
         580   1.00086355    
         581   1.00086212    
         582   1.00086057    
         583   1.00085914    
         584   1.00085759    
         585   1.00085616    
         586   1.00085473    
         587   1.00085330    
         588   1.00085175    
         589   1.00085032    
         590   1.00084889    
         591   1.00084746    
         592   1.00084603    
         593   1.00084460    
         594   1.00084317    
         595   1.00084174    
         596   1.00084031    
         597   1.00083888    
         598   1.00083756    
         599   1.00083613    
         600   1.00083470    
         601   1.00083339    
         602   1.00083196    
         603   1.00083053    
         604   1.00082922    
         605   1.00082779    
         606   1.00082648    
         607   1.00082505    
         608   1.00082374    
         609   1.00082242    
         610   1.00082099    
         611   1.00081968    
         612   1.00081837    
         613   1.00081694    
         614   1.00081563    
         615   1.00081432    
         616   1.00081301    
         617   1.00081170    
         618   1.00081038    
         619   1.00080907    
         620   1.00080776    
         621   1.00080645    
         622   1.00080514    
         623   1.00080383    
         624   1.00080252    
         625   1.00080132    
         626   1.00080001    
         627   1.00079870    
         628   1.00079739    
         629   1.00079620    
         630   1.00079489    
         631   1.00079370    
         632   1.00079238    
         633   1.00079119    
         634   1.00078988    
         635   1.00078869    
         636   1.00078738    
         637   1.00078619    
         638   1.00078487    
         639   1.00078368    
         640   1.00078249    
         641   1.00078130    
         642   1.00077999    
         643   1.00077879    
         644   1.00077760    
         645   1.00077641    
         646   1.00077522    
         647   1.00077403    
         648   1.00077283    
         649   1.00077164    
         650   1.00077045    
         651   1.00076926    
         652   1.00076807    
         653   1.00076687    
         654   1.00076568    
         655   1.00076449    
         656   1.00076342    
         657   1.00076222    
         658   1.00076103    
         659   1.00075984    
         660   1.00075877    
         661   1.00075758    
         662   1.00075638    
         663   1.00075531    
         664   1.00075412    
         665   1.00075305    
         666   1.00075185    
         667   1.00075078    
         668   1.00074959    
         669   1.00074852    
         670   1.00074744    
         671   1.00074625    
         672   1.00074518    
         673   1.00074410    
         674   1.00074291    
         675   1.00074184    
         676   1.00074077    
         677   1.00073969    
         678   1.00073850    
         679   1.00073743    
         680   1.00073636    
         681   1.00073528    
         682   1.00073421    
         683   1.00073314    
         684   1.00073206    
         685   1.00073099    
         686   1.00072992    
         687   1.00072885    
         688   1.00072777    
         689   1.00072670    
         690   1.00072575    
         691   1.00072467    
         692   1.00072360    
         693   1.00072253    
         694   1.00072145    
         695   1.00072050    
         696   1.00071943    
         697   1.00071836    
         698   1.00071740    
         699   1.00071633    
         700   1.00071526    
         701   1.00071430    
         702   1.00071323    
         703   1.00071228    
         704   1.00071120    
         705   1.00071025    
         706   1.00070918    
         707   1.00070822    
         708   1.00070727    
         709   1.00070620    
         710   1.00070524    
         711   1.00070417    
         712   1.00070322    
         713   1.00070226    
         714   1.00070131    
         715   1.00070024    
         716   1.00069928    
         717   1.00069833    
         718   1.00069737    
         719   1.00069642    
         720   1.00069547    
         721   1.00069439    
         722   1.00069344    
         723   1.00069249    
         724   1.00069153    
         725   1.00069058    
         726   1.00068963    
         727   1.00068867    
         728   1.00068772    
         729   1.00068676    
         730   1.00068593    
         731   1.00068498    
         732   1.00068402    
         733   1.00068307    
         734   1.00068212    
         735   1.00068116    
         736   1.00068033    
         737   1.00067937    
         738   1.00067842    
         739   1.00067747    
         740   1.00067663    
         741   1.00067568    
         742   1.00067472    
         743   1.00067389    
         744   1.00067294    
         745   1.00067210    
         746   1.00067115    
         747   1.00067019    
         748   1.00066936    
         749   1.00066841    
         750   1.00066757    
         751   1.00066662    
         752   1.00066578    
         753   1.00066495    
         754   1.00066400    
         755   1.00066316    
         756   1.00066221    
         757   1.00066137    
         758   1.00066054    
         759   1.00065958    
         760   1.00065875    
         761   1.00065792    
         762   1.00065708    
         763   1.00065613    
         764   1.00065529    
         765   1.00065446    
         766   1.00065362    
         767   1.00065279    
         768   1.00065184    
         769   1.00065100    
         770   1.00065017    
         771   1.00064933    
         772   1.00064850    
         773   1.00064766    
         774   1.00064683    
         775   1.00064600    
         776   1.00064516    
         777   1.00064433    
         778   1.00064349    
         779   1.00064266    
         780   1.00064182    
         781   1.00064099    
         782   1.00064015    
         783   1.00063944    
         784   1.00063860    
         785   1.00063777    
         786   1.00063694    
         787   1.00063610    
         788   1.00063527    
         789   1.00063455    
         790   1.00063372    
         791   1.00063288    
         792   1.00063217    
         793   1.00063133    
         794   1.00063050    
         795   1.00062966    
         796   1.00062895    
         797   1.00062811    
         798   1.00062740    
         799   1.00062656    
         800   1.00062573    
         801   1.00062501    
         802   1.00062418    
         803   1.00062346    
         804   1.00062263    
         805   1.00062191    
         806   1.00062108    
         807   1.00062037    
         808   1.00061953    
         809   1.00061882    
         810   1.00061810    
         811   1.00061727    
         812   1.00061655    
         813   1.00061572    
         814   1.00061500    
         815   1.00061429    
         816   1.00061345    
         817   1.00061274    
         818   1.00061202    
         819   1.00061131    
         820   1.00061047    
         821   1.00060976    
         822   1.00060904    
         823   1.00060833    
         824   1.00060749    
         825   1.00060678    
         826   1.00060606    
         827   1.00060534    
         828   1.00060463    
         829   1.00060391    
         830   1.00060308    
         831   1.00060236    
         832   1.00060165    
         833   1.00060093    
         834   1.00060022    
         835   1.00059950    
         836   1.00059879    
         837   1.00059807    
         838   1.00059736    
         839   1.00059664    
         840   1.00059593    
         841   1.00059521    
         842   1.00059450    
         843   1.00059378    
         844   1.00059307    
         845   1.00059247    
         846   1.00059175    
         847   1.00059104    
         848   1.00059032    
         849   1.00058961    
         850   1.00058889    
         851   1.00058818    
         852   1.00058758    
         853   1.00058687    
         854   1.00058615    
         855   1.00058544    
         856   1.00058484    
         857   1.00058413    
         858   1.00058341    
         859   1.00058270    
         860   1.00058210    
         861   1.00058138    
         862   1.00058067    
         863   1.00058007    
         864   1.00057936    
         865   1.00057876    
         866   1.00057805    
         867   1.00057733    
         868   1.00057673    
         869   1.00057602    
         870   1.00057542    
         871   1.00057471    
         872   1.00057411    
         873   1.00057340    
         874   1.00057268    
         875   1.00057209    
         876   1.00057137    
         877   1.00057077    
         878   1.00057018    
         879   1.00056946    
         880   1.00056887    
         881   1.00056815    
         882   1.00056756    
         883   1.00056684    
         884   1.00056624    
         885   1.00056565    
         886   1.00056493    
         887   1.00056434    
         888   1.00056374    
         889   1.00056303    
         890   1.00056243    
         891   1.00056183    
         892   1.00056112    
         893   1.00056052    
         894   1.00055993    
         895   1.00055933    
         896   1.00055861    
         897   1.00055802    
         898   1.00055742    
         899   1.00055683    
         900   1.00055623    
         901   1.00055552    
         902   1.00055492    
         903   1.00055432    
         904   1.00055373    
         905   1.00055313    
         906   1.00055254    
         907   1.00055182    
         908   1.00055122    
         909   1.00055063    
         910   1.00055003    
         911   1.00054944    
         912   1.00054884    
         913   1.00054824    
         914   1.00054765    
         915   1.00054705    
         916   1.00054646    
         917   1.00054586    
         918   1.00054526    
         919   1.00054467    
         920   1.00054407    
         921   1.00054348    
         922   1.00054288    
         923   1.00054228    
         924   1.00054169    
         925   1.00054109    
         926   1.00054049    
         927   1.00053990    
         928   1.00053942    
         929   1.00053883    
         930   1.00053823    
         931   1.00053763    
         932   1.00053704    
         933   1.00053644    
         934   1.00053596    
         935   1.00053537    
         936   1.00053477    
         937   1.00053418    
         938   1.00053358    
         939   1.00053310    
         940   1.00053251    
         941   1.00053191    
         942   1.00053132    
         943   1.00053084    
         944   1.00053024    
         945   1.00052965    
         946   1.00052905    
         947   1.00052857    
         948   1.00052798    
         949   1.00052738    
         950   1.00052691    
         951   1.00052631    
         952   1.00052571    
         953   1.00052524    
         954   1.00052464    
         955   1.00052416    
         956   1.00052357    
         957   1.00052297    
         958   1.00052249    
         959   1.00052190    
         960   1.00052142    
         961   1.00052083    
         962   1.00052035    
         963   1.00051975    
         964   1.00051916    
         965   1.00051868    
         966   1.00051808    
         967   1.00051761    
         968   1.00051701    
         969   1.00051653    
         970   1.00051594    
         971   1.00051546    
         972   1.00051498    
         973   1.00051439    
         974   1.00051391    
         975   1.00051332    
         976   1.00051284    
         977   1.00051224    
         978   1.00051177    
         979   1.00051129    
         980   1.00051069    
         981   1.00051022    
         982   1.00050974    
         983   1.00050914    
         984   1.00050867    
         985   1.00050819    
         986   1.00050759    
         987   1.00050712    
         988   1.00050664    
         989   1.00050604    
         990   1.00050557    
         991   1.00050509    
         992   1.00050449    
         993   1.00050402    
         994   1.00050354    
         995   1.00050306    
         996   1.00050247    
         997   1.00050199    
         998   1.00050151    
         999   1.00050104    
        1000   1.00050056    
        1001   1.00049996    
        1002   1.00049949    
        1003   1.00049901    
        1004   1.00049853    
        1005   1.00049806    
        1006   1.00049746    
        1007   1.00049698    
        1008   1.00049651    
        1009   1.00049603    
        1010   1.00049555    
        1011   1.00049508    
        1012   1.00049460    
        1013   1.00049412    
        1014   1.00049353    
        1015   1.00049305    
        1016   1.00049257    
        1017   1.00049210    
        1018   1.00049162    
        1019   1.00049114    
        1020   1.00049067    
        1021   1.00049019    
        1022   1.00048971    
        1023   1.00048923    
        1024   1.00048876    
        1025   1.00048828    
        1026   1.00048780    
        1027   1.00048733    
        1028   1.00048685    
        1029   1.00048637    
        1030   1.00048590    
        1031   1.00048542    
        1032   1.00048494    
        1033   1.00048447    
        1034   1.00048399    
        1035   1.00048351    
        1036   1.00048304    
        1037   1.00048268    
        1038   1.00048220    
        1039   1.00048172    
        1040   1.00048125    
        1041   1.00048077    
        1042   1.00048029    
        1043   1.00047982    
        1044   1.00047934    
        1045   1.00047898    
        1046   1.00047851    
        1047   1.00047803    
        1048   1.00047755    
        1049   1.00047708    
        1050   1.00047660    
        1051   1.00047624    
        1052   1.00047576    
        1053   1.00047529    
        1054   1.00047481    
        1055   1.00047433    
        1056   1.00047398    
        1057   1.00047350    
        1058   1.00047302    
        1059   1.00047255    
        1060   1.00047219    
        1061   1.00047171    
        1062   1.00047123    
        1063   1.00047076    
        1064   1.00047040    
        1065   1.00046992    
        1066   1.00046945    
        1067   1.00046909    
        1068   1.00046861    
        1069   1.00046813    
        1070   1.00046778    
        1071   1.00046730    
        1072   1.00046682    
        1073   1.00046647    
        1074   1.00046599    
        1075   1.00046551    
        1076   1.00046515    
        1077   1.00046468    
        1078   1.00046420    
        1079   1.00046384    
        1080   1.00046337    
        1081   1.00046301    
        1082   1.00046253    
        1083   1.00046206    
        1084   1.00046170    
        1085   1.00046122    
        1086   1.00046086    
        1087   1.00046039    
        1088   1.00046003    
        1089   1.00045955    
        1090   1.00045919    
        1091   1.00045872    
        1092   1.00045824    
        1093   1.00045788    
        1094   1.00045741    
        1095   1.00045705    
        1096   1.00045657    
        1097   1.00045621    
        1098   1.00045574    
        1099   1.00045538    
        1100   1.00045490    
        1101   1.00045455    
        1102   1.00045419    
        1103   1.00045371    
        1104   1.00045335    
        1105   1.00045288    
        1106   1.00045252    
        1107   1.00045204    
        1108   1.00045168    
        1109   1.00045121    
        1110   1.00045085    
        1111   1.00045049    
        1112   1.00045002    
        1113   1.00044966    
        1114   1.00044918    
        1115   1.00044882    
        1116   1.00044847    
        1117   1.00044799    
        1118   1.00044763    
        1119   1.00044727    
        1120   1.00044680    
        1121   1.00044644    
        1122   1.00044608    
        1123   1.00044560    
        1124   1.00044525    
        1125   1.00044489    
        1126   1.00044441    
        1127   1.00044405    
        1128   1.00044370    
        1129   1.00044322    
        1130   1.00044286    
        1131   1.00044250    
        1132   1.00044203    
        1133   1.00044167    
        1134   1.00044131    
        1135   1.00044096    
        1136   1.00044048    
        1137   1.00044012    
        1138   1.00043976    
        1139   1.00043941    
        1140   1.00043893    
        1141   1.00043857    
        1142   1.00043821    
        1143   1.00043786    
        1144   1.00043750    
        1145   1.00043702    
        1146   1.00043666    
        1147   1.00043631    
        1148   1.00043595    
        1149   1.00043559    
        1150   1.00043511    
        1151   1.00043476    
        1152   1.00043440    
        1153   1.00043404    
        1154   1.00043368    
        1155   1.00043333    
        1156   1.00043285    
        1157   1.00043249    
        1158   1.00043213    
        1159   1.00043178    
        1160   1.00043142    
        1161   1.00043106    
        1162   1.00043070    
        1163   1.00043035    
        1164   1.00042987    
        1165   1.00042951    
        1166   1.00042915    
        1167   1.00042880    
        1168   1.00042844    
        1169   1.00042808    
        1170   1.00042772    
        1171   1.00042737    
        1172   1.00042701    
        1173   1.00042665    
        1174   1.00042629    
        1175   1.00042593    
        1176   1.00042558    
        1177   1.00042522    
        1178   1.00042486    
        1179   1.00042450    
        1180   1.00042415    
        1181   1.00042367    
        1182   1.00042331    
        1183   1.00042295    
        1184   1.00042260    
        1185   1.00042224    
        1186   1.00042188    
        1187   1.00042164    
        1188   1.00042129    
        1189   1.00042093    
        1190   1.00042057    
        1191   1.00042021    
        1192   1.00041986    
        1193   1.00041950    
        1194   1.00041914    
        1195   1.00041878    
        1196   1.00041842    
        1197   1.00041807    
        1198   1.00041771    
        1199   1.00041735    
        1200   1.00041699    
        1201   1.00041664    
        1202   1.00041628    
        1203   1.00041592    
        1204   1.00041568    
        1205   1.00041533    
        1206   1.00041497    
        1207   1.00041461    
        1208   1.00041425    
        1209   1.00041389    
        1210   1.00041354    
        1211   1.00041318    
        1212   1.00041294    
        1213   1.00041258    
        1214   1.00041223    
        1215   1.00041187    
        1216   1.00041151    
        1217   1.00041115    
        1218   1.00041080    
        1219   1.00041056    
        1220   1.00041020    
        1221   1.00040984    
        1222   1.00040948    
        1223   1.00040913    
        1224   1.00040889    
        1225   1.00040853    
        1226   1.00040817    
        1227   1.00040781    
        1228   1.00040746    
        1229   1.00040722    
        1230   1.00040686    
        1231   1.00040650    
        1232   1.00040615    
        1233   1.00040579    
        1234   1.00040555    
        1235   1.00040519    
        1236   1.00040483    
        1237   1.00040448    
        1238   1.00040424    
        1239   1.00040388    
        1240   1.00040352    
        1241   1.00040329    
        1242   1.00040293    
        1243   1.00040257    
        1244   1.00040221    
        1245   1.00040197    
        1246   1.00040162    
        1247   1.00040126    
        1248   1.00040102    
        1249   1.00040066    
        1250   1.00040030    
        1251   1.00039995    
        1252   1.00039971    
        1253   1.00039935    
        1254   1.00039899    
        1255   1.00039876    
        1256   1.00039840    
        1257   1.00039804    
        1258   1.00039780    
        1259   1.00039744    
        1260   1.00039709    
        1261   1.00039685    
        1262   1.00039649    
        1263   1.00039625    
        1264   1.00039589    
        1265   1.00039554    
        1266   1.00039530    
        1267   1.00039494    
        1268   1.00039458    
        1269   1.00039434    
        1270   1.00039399    
        1271   1.00039375    
        1272   1.00039339    
        1273   1.00039303    
        1274   1.00039279    
        1275   1.00039244    
        1276   1.00039220    
        1277   1.00039184    
        1278   1.00039148    
        1279   1.00039124    
        1280   1.00039089    
        1281   1.00039065    
        1282   1.00039029    
        1283   1.00039005    
        1284   1.00038970    
        1285   1.00038946    
        1286   1.00038910    
        1287   1.00038886    
        1288   1.00038850    
        1289   1.00038815    
        1290   1.00038791    
        1291   1.00038755    
        1292   1.00038731    
        1293   1.00038695    
        1294   1.00038671    
        1295   1.00038636    
        1296   1.00038612    
        1297   1.00038576    
        1298   1.00038552    
        1299   1.00038517    
        1300   1.00038493    
        1301   1.00038457    
        1302   1.00038433    
        1303   1.00038397    
        1304   1.00038373    
        1305   1.00038338    
        1306   1.00038314    
        1307   1.00038290    
        1308   1.00038254    
        1309   1.00038230    
        1310   1.00038195    
        1311   1.00038171    
        1312   1.00038135    
        1313   1.00038111    
        1314   1.00038075    
        1315   1.00038052    
        1316   1.00038028    
        1317   1.00037992    
        1318   1.00037968    
        1319   1.00037932    
        1320   1.00037909    
        1321   1.00037885    
        1322   1.00037849    
        1323   1.00037825    
        1324   1.00037789    
        1325   1.00037766    
        1326   1.00037742    
        1327   1.00037706    
        1328   1.00037682    
        1329   1.00037646    
        1330   1.00037622    
        1331   1.00037599    
        1332   1.00037563    
        1333   1.00037539    
        1334   1.00037515    
        1335   1.00037479    
        1336   1.00037456    
        1337   1.00037420    
        1338   1.00037396    
        1339   1.00037372    
        1340   1.00037336    
        1341   1.00037313    
        1342   1.00037289    
        1343   1.00037253    
        1344   1.00037229    
        1345   1.00037205    
        1346   1.00037169    
        1347   1.00037146    
        1348   1.00037122    
        1349   1.00037098    
        1350   1.00037062    
        1351   1.00037038    
        1352   1.00037014    
        1353   1.00036979    
        1354   1.00036955    
        1355   1.00036931    
        1356   1.00036895    
        1357   1.00036871    
        1358   1.00036848    
        1359   1.00036824    
        1360   1.00036788    
        1361   1.00036764    
        1362   1.00036740    
        1363   1.00036716    
        1364   1.00036681    
        1365   1.00036657    
        1366   1.00036633    
        1367   1.00036609    
        1368   1.00036573    
        1369   1.00036550    
        1370   1.00036526    
        1371   1.00036502    
        1372   1.00036466    
        1373   1.00036442    
        1374   1.00036418    
        1375   1.00036395    
        1376   1.00036359    
        1377   1.00036335    
        1378   1.00036311    
        1379   1.00036287    
        1380   1.00036263    
        1381   1.00036228    
        1382   1.00036204    
        1383   1.00036180    
        1384   1.00036156    
        1385   1.00036132    
        1386   1.00036097    
        1387   1.00036073    
        1388   1.00036049    
        1389   1.00036025    
        1390   1.00036001    
        1391   1.00035965    
        1392   1.00035942    
        1393   1.00035918    
        1394   1.00035894    
        1395   1.00035870    
        1396   1.00035846    
        1397   1.00035822    
        1398   1.00035787    
        1399   1.00035763    
        1400   1.00035739    
        1401   1.00035715    
        1402   1.00035691    
        1403   1.00035667    
        1404   1.00035644    
        1405   1.00035608    
        1406   1.00035584    
        1407   1.00035560    
        1408   1.00035536    
        1409   1.00035512    
        1410   1.00035489    
        1411   1.00035465    
        1412   1.00035441    
        1413   1.00035405    
        1414   1.00035381    
        1415   1.00035357    
        1416   1.00035334    
        1417   1.00035310    
        1418   1.00035286    
        1419   1.00035262    
        1420   1.00035238    
        1421   1.00035214    
        1422   1.00035191    
        1423   1.00035167    
        1424   1.00035143    
        1425   1.00035107    
        1426   1.00035083    
        1427   1.00035059    
        1428   1.00035036    
        1429   1.00035012    
        1430   1.00034988    
        1431   1.00034964    
        1432   1.00034940    
        1433   1.00034916    
        1434   1.00034893    
        1435   1.00034869    
        1436   1.00034845    
        1437   1.00034821    
        1438   1.00034797    
        1439   1.00034773    
        1440   1.00034750    
        1441   1.00034726    
        1442   1.00034702    
        1443   1.00034678    
        1444   1.00034654    
        1445   1.00034630    
        1446   1.00034606    
        1447   1.00034583    
        1448   1.00034559    
        1449   1.00034535    
        1450   1.00034511    
        1451   1.00034487    
        1452   1.00034463    
        1453   1.00034440    
        1454   1.00034416    
        1455   1.00034392    
        1456   1.00034368    
        1457   1.00034344    
        1458   1.00034320    
        1459   1.00034297    
        1460   1.00034273    
        1461   1.00034249    
        1462   1.00034225    
        1463   1.00034201    
        1464   1.00034177    
        1465   1.00034153    
        1466   1.00034130    
        1467   1.00034106    
        1468   1.00034082    
        1469   1.00034058    
        1470   1.00034034    
        1471   1.00034010    
        1472   1.00033987    
        1473   1.00033963    
        1474   1.00033939    
        1475   1.00033927    
        1476   1.00033903    
        1477   1.00033879    
        1478   1.00033855    
        1479   1.00033832    
        1480   1.00033808    
        1481   1.00033784    
        1482   1.00033760    
        1483   1.00033736    
        1484   1.00033712    
        1485   1.00033689    
        1486   1.00033665    
        1487   1.00033653    
        1488   1.00033629    
        1489   1.00033605    
        1490   1.00033581    
        1491   1.00033557    
        1492   1.00033534    
        1493   1.00033510    
        1494   1.00033486    
        1495   1.00033462    
        1496   1.00033450    
        1497   1.00033426    
        1498   1.00033402    
        1499   1.00033379    
        1500   1.00033355    
        1501   1.00033331    
        1502   1.00033307    
        1503   1.00033283    
        1504   1.00033271    
        1505   1.00033247    
        1506   1.00033224    
        1507   1.00033200    
        1508   1.00033176    
        1509   1.00033152    
        1510   1.00033140    
        1511   1.00033116    
        1512   1.00033092    
        1513   1.00033069    
        1514   1.00033045    
        1515   1.00033021    
        1516   1.00033009    
        1517   1.00032985    
        1518   1.00032961    
        1519   1.00032938    
        1520   1.00032914    
        1521   1.00032890    
        1522   1.00032878    
        1523   1.00032854    
        1524   1.00032830    
        1525   1.00032806    
        1526   1.00032783    
        1527   1.00032771    
        1528   1.00032747    
        1529   1.00032723    
        1530   1.00032699    
        1531   1.00032675    
        1532   1.00032663    
        1533   1.00032640    
        1534   1.00032616    
        1535   1.00032592    
        1536   1.00032568    
        1537   1.00032556    
        1538   1.00032532    
        1539   1.00032508    
        1540   1.00032485    
        1541   1.00032473    
        1542   1.00032449    
        1543   1.00032425    
        1544   1.00032401    
        1545   1.00032389    
        1546   1.00032365    
        1547   1.00032341    
        1548   1.00032318    
        1549   1.00032294    
        1550   1.00032282    
        1551   1.00032258    
        1552   1.00032234    
        1553   1.00032222    
        1554   1.00032198    
        1555   1.00032175    
        1556   1.00032151    
        1557   1.00032139    
        1558   1.00032115    
        1559   1.00032091    
        1560   1.00032067    
        1561   1.00032055    
        1562   1.00032032    
        1563   1.00032008    
        1564   1.00031984    
        1565   1.00031972    
        1566   1.00031948    
        1567   1.00031924    
        1568   1.00031912    
        1569   1.00031888    
        1570   1.00031865    
        1571   1.00031853    
        1572   1.00031829    
        1573   1.00031805    
        1574   1.00031781    
        1575   1.00031769    
        1576   1.00031745    
        1577   1.00031722    
        1578   1.00031710    
        1579   1.00031686    
        1580   1.00031662    
        1581   1.00031650    
        1582   1.00031626    
        1583   1.00031602    
        1584   1.00031590    
        1585   1.00031567    
        1586   1.00031543    
        1587   1.00031531    
        1588   1.00031507    
        1589   1.00031483    
        1590   1.00031471    
        1591   1.00031447    
        1592   1.00031424    
        1593   1.00031412    
        1594   1.00031388    
        1595   1.00031364    
        1596   1.00031352    
        1597   1.00031328    
        1598   1.00031304    
        1599   1.00031292    
        1600   1.00031269    
        1601   1.00031245    
        1602   1.00031233    
        1603   1.00031209    
        1604   1.00031197    
        1605   1.00031173    
        1606   1.00031149    
        1607   1.00031137    
        1608   1.00031114    
        1609   1.00031090    
        1610   1.00031078    
        1611   1.00031054    
        1612   1.00031042    
        1613   1.00031018    
        1614   1.00030994    
        1615   1.00030982    
        1616   1.00030959    
        1617   1.00030935    
        1618   1.00030923    
        1619   1.00030899    
        1620   1.00030887    
        1621   1.00030863    
        1622   1.00030839    
        1623   1.00030828    
        1624   1.00030804    
        1625   1.00030792    
        1626   1.00030768    
        1627   1.00030756    
        1628   1.00030732    
        1629   1.00030708    
        1630   1.00030696    
        1631   1.00030673    
        1632   1.00030661    
        1633   1.00030637    
        1634   1.00030613    
        1635   1.00030601    
        1636   1.00030577    
        1637   1.00030565    
        1638   1.00030541    
        1639   1.00030529    
        1640   1.00030506    
        1641   1.00030494    
        1642   1.00030470    
        1643   1.00030446    
        1644   1.00030434    
        1645   1.00030410    
        1646   1.00030398    
        1647   1.00030375    
        1648   1.00030363    
        1649   1.00030339    
        1650   1.00030327    
        1651   1.00030303    
        1652   1.00030279    
        1653   1.00030267    
        1654   1.00030243    
        1655   1.00030231    
        1656   1.00030208    
        1657   1.00030196    
        1658   1.00030172    
        1659   1.00030160    
        1660   1.00030136    
        1661   1.00030124    
        1662   1.00030100    
        1663   1.00030088    
        1664   1.00030065    
        1665   1.00030053    
        1666   1.00030029    
        1667   1.00030017    
        1668   1.00029993    
        1669   1.00029981    
        1670   1.00029957    
        1671   1.00029945    
        1672   1.00029922    
        1673   1.00029910    
        1674   1.00029886    
        1675   1.00029874    
        1676   1.00029850    
        1677   1.00029838    
        1678   1.00029814    
        1679   1.00029802    
        1680   1.00029778    
        1681   1.00029767    
        1682   1.00029743    
        1683   1.00029731    
        1684   1.00029707    
        1685   1.00029695    
        1686   1.00029671    
        1687   1.00029659    
        1688   1.00029635    
        1689   1.00029624    
        1690   1.00029600    
        1691   1.00029588    
        1692   1.00029564    
        1693   1.00029552    
        1694   1.00029528    
        1695   1.00029516    
        1696   1.00029504    
        1697   1.00029480    
        1698   1.00029469    
        1699   1.00029445    
        1700   1.00029433    
        1701   1.00029409    
        1702   1.00029397    
        1703   1.00029373    
        1704   1.00029361    
        1705   1.00029337    
        1706   1.00029325    
        1707   1.00029314    
        1708   1.00029290    
        1709   1.00029278    
        1710   1.00029254    
        1711   1.00029242    
        1712   1.00029218    
        1713   1.00029206    
        1714   1.00029194    
        1715   1.00029171    
        1716   1.00029159    
        1717   1.00029135    
        1718   1.00029123    
        1719   1.00029099    
        1720   1.00029087    
        1721   1.00029075    
        1722   1.00029051    
        1723   1.00029039    
        1724   1.00029016    
        1725   1.00029004    
        1726   1.00028980    
        1727   1.00028968    
        1728   1.00028956    
        1729   1.00028932    
        1730   1.00028920    
        1731   1.00028896    
        1732   1.00028884    
        1733   1.00028872    
        1734   1.00028849    
        1735   1.00028837    
        1736   1.00028813    
        1737   1.00028801    
        1738   1.00028789    
        1739   1.00028765    
        1740   1.00028753    
        1741   1.00028741    
        1742   1.00028718    
        1743   1.00028706    
        1744   1.00028682    
        1745   1.00028670    
        1746   1.00028658    
        1747   1.00028634    
        1748   1.00028622    
        1749   1.00028598    
        1750   1.00028586    
        1751   1.00028574    
        1752   1.00028551    
        1753   1.00028539    
        1754   1.00028527    
        1755   1.00028503    
        1756   1.00028491    
        1757   1.00028479    
        1758   1.00028455    
        1759   1.00028443    
        1760   1.00028419    
        1761   1.00028408    
        1762   1.00028396    
        1763   1.00028372    
        1764   1.00028360    
        1765   1.00028348    
        1766   1.00028324    
        1767   1.00028312    
        1768   1.00028300    
        1769   1.00028276    
        1770   1.00028265    
        1771   1.00028253    
        1772   1.00028229    
        1773   1.00028217    
        1774   1.00028205    
        1775   1.00028181    
        1776   1.00028169    
        1777   1.00028157    
        1778   1.00028133    
        1779   1.00028121    
        1780   1.00028110    
        1781   1.00028086    
        1782   1.00028074    
        1783   1.00028062    
        1784   1.00028038    
        1785   1.00028026    
        1786   1.00028014    
        1787   1.00027990    
        1788   1.00027978    
        1789   1.00027966    
        1790   1.00027943    
        1791   1.00027931    
        1792   1.00027919    
        1793   1.00027907    
        1794   1.00027883    
        1795   1.00027871    
        1796   1.00027859    
        1797   1.00027835    
        1798   1.00027823    
        1799   1.00027812    
        1800   1.00027788    
        1801   1.00027776    
        1802   1.00027764    
        1803   1.00027752    
        1804   1.00027728    
        1805   1.00027716    
        1806   1.00027704    
        1807   1.00027680    
        1808   1.00027668    
        1809   1.00027657    
        1810   1.00027645    
        1811   1.00027621    
        1812   1.00027609    
        1813   1.00027597    
        1814   1.00027573    
        1815   1.00027561    
        1816   1.00027549    
        1817   1.00027537    
        1818   1.00027514    
        1819   1.00027502    
        1820   1.00027490    
        1821   1.00027478    
        1822   1.00027454    
        1823   1.00027442    
        1824   1.00027430    
        1825   1.00027418    
        1826   1.00027394    
        1827   1.00027382    
        1828   1.00027370    
        1829   1.00027347    
        1830   1.00027335    
        1831   1.00027323    
        1832   1.00027311    
        1833   1.00027287    
        1834   1.00027275    
        1835   1.00027263    
        1836   1.00027251    
        1837   1.00027227    
        1838   1.00027215    
        1839   1.00027204    
        1840   1.00027192    
        1841   1.00027180    
        1842   1.00027156    
        1843   1.00027144    
        1844   1.00027132    
        1845   1.00027120    
        1846   1.00027096    
        1847   1.00027084    
        1848   1.00027072    
        1849   1.00027061    
        1850   1.00027037    
        1851   1.00027025    
        1852   1.00027013    
        1853   1.00027001    
        1854   1.00026989    
        1855   1.00026965    
        1856   1.00026953    
        1857   1.00026941    
        1858   1.00026929    
        1859   1.00026906    
        1860   1.00026894    
        1861   1.00026882    
        1862   1.00026870    
        1863   1.00026858    
        1864   1.00026834    
        1865   1.00026822    
        1866   1.00026810    
        1867   1.00026798    
        1868   1.00026786    
        1869   1.00026762    
        1870   1.00026751    
        1871   1.00026739    
        1872   1.00026727    
        1873   1.00026715    
        1874   1.00026691    
        1875   1.00026679    
        1876   1.00026667    
        1877   1.00026655    
        1878   1.00026643    
        1879   1.00026619    
        1880   1.00026608    
        1881   1.00026596    
        1882   1.00026584    
        1883   1.00026572    
        1884   1.00026548    
        1885   1.00026536    
        1886   1.00026524    
        1887   1.00026512    
        1888   1.00026500    
        1889   1.00026488    
        1890   1.00026464    
        1891   1.00026453    
        1892   1.00026441    
        1893   1.00026429    
        1894   1.00026417    
        1895   1.00026405    
        1896   1.00026381    
        1897   1.00026369    
        1898   1.00026357    
        1899   1.00026345    
        1900   1.00026333    
        1901   1.00026321    
        1902   1.00026298    
        1903   1.00026286    
        1904   1.00026274    
        1905   1.00026262    
        1906   1.00026250    
        1907   1.00026238    
        1908   1.00026214    
        1909   1.00026202    
        1910   1.00026190    
        1911   1.00026178    
        1912   1.00026166    
        1913   1.00026155    
        1914   1.00026143    
        1915   1.00026119    
        1916   1.00026107    
        1917   1.00026095    
        1918   1.00026083    
        1919   1.00026071    
        1920   1.00026059    
        1921   1.00026047    
        1922   1.00026023    
        1923   1.00026011    
        1924   1.00026000    
        1925   1.00025988    
        1926   1.00025976    
        1927   1.00025964    
        1928   1.00025952    
        1929   1.00025928    
        1930   1.00025916    
        1931   1.00025904    
        1932   1.00025892    
        1933   1.00025880    
        1934   1.00025868    
        1935   1.00025856    
        1936   1.00025845    
        1937   1.00025821    
        1938   1.00025809    
        1939   1.00025797    
        1940   1.00025785    
        1941   1.00025773    
        1942   1.00025761    
        1943   1.00025749    
        1944   1.00025737    
        1945   1.00025725    
        1946   1.00025702    
        1947   1.00025690    
        1948   1.00025678    
        1949   1.00025666    
        1950   1.00025654    
        1951   1.00025642    
        1952   1.00025630    
        1953   1.00025618    
        1954   1.00025606    
        1955   1.00025594    
        1956   1.00025570    
        1957   1.00025558    
        1958   1.00025547    
        1959   1.00025535    
        1960   1.00025523    
        1961   1.00025511    
        1962   1.00025499    
        1963   1.00025487    
        1964   1.00025475    
        1965   1.00025463    
        1966   1.00025451    
        1967   1.00025427    
        1968   1.00025415    
        1969   1.00025403    
        1970   1.00025392    
        1971   1.00025380    
        1972   1.00025368    
        1973   1.00025356    
        1974   1.00025344    
        1975   1.00025332    
        1976   1.00025320    
        1977   1.00025308    
        1978   1.00025296    
        1979   1.00025272    
        1980   1.00025260    
        1981   1.00025249    
        1982   1.00025237    
        1983   1.00025225    
        1984   1.00025213    
        1985   1.00025201    
        1986   1.00025189    
        1987   1.00025177    
        1988   1.00025165    
        1989   1.00025153    
        1990   1.00025141    
        1991   1.00025129    
        1992   1.00025117    
        1993   1.00025105    
        1994   1.00025094    
        1995   1.00025070    
        1996   1.00025058    
        1997   1.00025046    
        1998   1.00025034    
        1999   1.00025022    
        2000   1.00025010    
        2001   1.00024998    
        2002   1.00024986    
        2003   1.00024974    
        2004   1.00024962    
        2005   1.00024951    
        2006   1.00024939    
        2007   1.00024927    
        2008   1.00024915    
        2009   1.00024903    
        2010   1.00024891    
        2011   1.00024879    
        2012   1.00024867    
        2013   1.00024855    
        2014   1.00024843    
        2015   1.00024831    
        2016   1.00024819    
        2017   1.00024807    
        2018   1.00024784    
        2019   1.00024772    
        2020   1.00024760    
        2021   1.00024748    
        2022   1.00024736    
        2023   1.00024724    
        2024   1.00024712    
        2025   1.00024700    
        2026   1.00024688    
        2027   1.00024676    
        2028   1.00024664    
        2029   1.00024652    
        2030   1.00024641    
        2031   1.00024629    
        2032   1.00024617    
        2033   1.00024605    
        2034   1.00024593    
        2035   1.00024581    
        2036   1.00024569    
        2037   1.00024557    
        2038   1.00024545    
        2039   1.00024533    
        2040   1.00024521    
        2041   1.00024509    
        2042   1.00024498    
        2043   1.00024486    
        2044   1.00024474    
        2045   1.00024462    
        2046   1.00024450    
        2047   1.00024438    
        2048   1.00024426    
        2049   1.00024414    
        2050   1.00024402    
        2051   1.00024390    
        2052   1.00024378    
        2053   1.00024366    
        2054   1.00024354    
        2055   1.00024343    
        2056   1.00024331    
        2057   1.00024319    
        2058   1.00024307    
        2059   1.00024295    
        2060   1.00024283    
        2061   1.00024271    
        2062   1.00024259    
        2063   1.00024247    
        2064   1.00024235    
        2065   1.00024223    
        2066   1.00024211    
        2067   1.00024199    
        2068   1.00024188    
        2069   1.00024176    
        2070   1.00024164    
        2071   1.00024152    
        2072   1.00024140    
        2073   1.00024128    
        2074   1.00024116    
        2075   1.00024104    
        2076   1.00024092    
        2077   1.00024080    
        2078   1.00024068    
        2079   1.00024056    
        2080   1.00024045    
        2081   1.00024033    
        2082   1.00024033    
