   4.3118330650031567E-003
   4.3614865280687809E-003
   5.0199292600154877E-003
   5.1138941198587418E-003
   5.4667252115905285E-003
   5.5907065980136395E-003
   6.1293998733162880E-003
   6.3367416150867939E-003
   8.2659986801445484E-003
   8.5781202651560307E-003
   8.7963747791945934E-003
   9.0342182666063309E-003
   9.5672733150422573E-003
   1.0173494927585125E-002
   1.0968453716486692E-002
   1.1085866950452328E-002
   1.1366684921085835E-002
   1.1606859043240547E-002
   1.1813488788902760E-002
   1.2378244660794735E-002
   1.3223906978964806E-002
   1.4952653087675571E-002
   1.5955592505633831E-002
   1.6753977164626122E-002
   1.7529120668768883E-002
   1.7574644647538662E-002
   1.7988202627748251E-002
   1.9215132109820843E-002
   1.9371105823665857E-002
   1.9446467980742455E-002
   1.9968966022133827E-002
   2.0577854476869106E-002
   2.0854830741882324E-002
   2.1457709372043610E-002
   2.1505963522940874E-002
   2.2113659884780645E-002
   2.3534008767455816E-002
   2.3700342513620853E-002
   2.4460473563522100E-002
   2.6279166806489229E-002
   2.7438623830676079E-002
   2.7506057173013687E-002
   2.9473915696144104E-002
   2.9505647718906403E-002
   3.0817349907010794E-002
   3.1625166535377502E-002
   3.2416106201708317E-002
   3.2477023545652628E-002
   3.3823623787611723E-002
   3.4662818070501089E-002
   3.4674742259085178E-002
   3.5161137115210295E-002
   3.6263525951653719E-002
   3.6822063382714987E-002
   3.6876962520182133E-002
   3.7032742984592915E-002
   3.7367721088230610E-002
   3.7630384322255850E-002
   3.8090108893811703E-002
   3.8165229838341475E-002
   3.8405919913202524E-002
   3.8645337335765362E-002
   4.0477149188518524E-002
   4.2274927254766226E-002
   4.3432446662336588E-002
   4.3475583195686340E-002
   4.3685961049050093E-002
   4.4917999766767025E-002
   4.4965417124330997E-002
   4.5651000924408436E-002
   4.5827390160411596E-002
   4.6600318513810635E-002
   4.7356452792882919E-002
   4.7805049922317266E-002
   4.7984133008867502E-002
   4.8110055271536112E-002
   4.8919983208179474E-002
   4.8969169612973928E-002
   4.9156272318214178E-002
   4.9466334283351898E-002
   4.9792556557804346E-002
   4.9912597052752972E-002
   5.1634497474879026E-002
   5.1836227998137474E-002
   5.2067252341657877E-002
   5.3500330075621605E-002
   5.4652856197208166E-002
   5.5612972006201744E-002
   5.5920401588082314E-002
   5.6685370858758688E-002
   5.7067183777689934E-002
   5.7849747128784657E-002
   5.7915605604648590E-002
   5.8543641585856676E-002
   5.9173628687858582E-002
   5.9654290322214365E-002
   5.9743144083768129E-002
   6.0297491028904915E-002
   6.0735717415809631E-002
   6.0741726774722338E-002
   6.1221811454743147E-002
   6.1830393504351377E-002
   6.2076855450868607E-002
   6.5124222077429295E-002
   6.5653494093567133E-002
   6.6148784477263689E-002
   6.6255919169634581E-002
   6.6590893082320690E-002
   6.6920383833348751E-002
   6.7328787874430418E-002
   6.7411087453365326E-002
   6.9152468349784613E-002
   6.9588669110089540E-002
   7.0374254137277603E-002
   7.1865648031234741E-002
   7.1969732642173767E-002
   7.3289627674967051E-002
   7.3458365630358458E-002
   7.6371645554900169E-002
   7.6768223196268082E-002
   7.7307118568569422E-002
   7.7982860151678324E-002
   7.8280256129801273E-002
   7.8446456231176853E-002
   7.9413987696170807E-002
   8.0295408610254526E-002
   8.0513412598520517E-002
   8.0969895236194134E-002
   8.1296210642904043E-002
   8.2297871354967356E-002
   8.2660739310085773E-002
   8.2866854034364223E-002
   8.3053516224026680E-002
   8.3060168661177158E-002
   8.3364062011241913E-002
   8.4115220233798027E-002
   8.5512244608253241E-002
   8.7487536482512951E-002
   8.7501223199069500E-002
   8.8779334444552660E-002
   8.8900581933557987E-002
   8.9476368390023708E-002
   8.9484101161360741E-002
   9.0115703642368317E-002
   9.1031790245324373E-002
   9.1164048295468092E-002
   9.2116330284625292E-002
   9.2551338486373425E-002
   9.2819496523588896E-002
   9.3608674593269825E-002
   9.4255797564983368E-002
   9.5446731429547071E-002
   9.6814977936446667E-002
   9.7004094161093235E-002
   9.8542798776179552E-002
  0.10126612242311239     
  0.10183396609500051     
  0.10373644903302193     
  0.10388483107089996     
  0.10393698792904615     
  0.10457238275557756     
  0.10481282137334347     
  0.10588774271309376     
  0.10620040958747268     
  0.10626992024481297     
  0.10925958584994078     
  0.11100233532488346     
  0.11104587744921446     
  0.11110086273401976     
  0.11246768571436405     
  0.11250718124210835     
  0.11264037480577826     
  0.11434930423274636     
  0.11590158240869641     
  0.11732632899656892     
  0.11739330878481269     
  0.11791798146441579     
  0.11795896105468273     
  0.11825705040246248     
  0.11893003946170211     
  0.12011049827560782     
  0.12011437630280852     
  0.12105719372630119     
  0.12157354690134525     
  0.12317241495475173     
  0.12334340531378984     
  0.12334456387907267     
  0.12351148249581456     
  0.12428054166957736     
  0.12459503067657351     
  0.12610646663233638     
  0.12617385527119040     
  0.12876942381262779     
  0.12949789920821786     
  0.12950759613886476     
  0.12959157722070813     
  0.12988012563437223     
  0.13117659231647849     
  0.13196814479306340     
  0.13242760859429836     
  0.13255610503256321     
  0.13565374631434679     
  0.13580798963084817     
  0.13600023603066802     
  0.13663038471713662     
  0.13747295225039124     
  0.13792223948985338     
  0.13867817632853985     
  0.13961293548345566     
  0.14051164174452424     
  0.14166258368641138     
  0.14205736108124256     
  0.14255355112254620     
  0.14386260090395808     
  0.14401383185759187     
  0.14444556133821607     
  0.14456339180469513     
  0.14592414116486907     
  0.14663197658956051     
  0.14678223151713610     
  0.14776710001751781     
  0.14908976340666413     
  0.15257905935868621     
  0.15285468986257911     
  0.15302673401311040     
  0.15321911638602614     
  0.15327459294348955     
  0.15357241034507751     
  0.15470058703795075     
  0.15504267811775208     
  0.15531423455104232     
  0.15626457426697016     
  0.15692053083330393     
  0.15729711065068841     
  0.15750470571219921     
  0.15803459705784917     
  0.15805200627073646     
  0.15824138978496194     
  0.15899585234001279     
  0.16018924675881863     
  0.16066213510930538     
  0.16215068567544222     
  0.16225508507341146     
  0.16278561018407345     
  0.16359672695398331     
  0.16584926191717386     
  0.16601308574900031     
  0.16603910876438022     
  0.16607914818450809     
  0.16807736456394196     
  0.16844734922051430     
  0.16863548476248980     
  0.17002646438777447     
  0.17005272489041090     
  0.17032077256590128     
  0.17130606202408671     
  0.17184134479612112     
  0.17218839330598712     
  0.17256483854725957     
  0.17310278769582510     
  0.17318162228912115     
  0.17343410477042198     
  0.17366864345967770     
  0.17444292269647121     
  0.17447393573820591     
  0.17510773800313473     
  0.17639091145247221     
  0.17664495017379522     
  0.17668235022574663     
  0.17846175609156489     
  0.17919635446742177     
  0.17997070401906967     
  0.18079043086618185     
  0.18127330392599106     
  0.18156324932351708     
  0.18172511784359813     
  0.18278175452724099     
  0.18287097476422787     
  0.18425517901778221     
  0.18520527658984065     
  0.18540884181857109     
  0.18550714757293463     
  0.18655865360051394     
  0.18666509864851832     
  0.18697422556579113     
  0.18742925301194191     
  0.18804196501150727     
  0.18891947204247117     
  0.18943245010450482     
  0.19041956355795264     
  0.19062959821894765     
  0.19322649110108614     
  0.19426872255280614     
  0.19440548820421100     
  0.19523781072348356     
  0.19732267688959837     
  0.19781393650919199     
  0.19824651721864939     
  0.19891307177022099     
  0.19950948422774673     
  0.19969077501446009     
  0.19998991396278143     
  0.20057232584804296     
  0.20261902827769518     
  0.20279623847454786     
  0.20291867526248097     
  0.20388426305726171     
  0.20390417799353600     
  0.20472268015146255     
  0.20499237067997456     
  0.20598006807267666     
  0.20601911656558514     
  0.20608805399388075     
  0.20643820334225893     
  0.20672043552622199     
  0.20676457183435559     
  0.20681232586503029     
  0.20729072485119104     
  0.20749812293797731     
  0.20765514904633164     
  0.20776719786226749     
  0.20789658185094595     
  0.20897510834038258     
  0.20966791827231646     
  0.21012212848290801     
  0.21055433712899685     
  0.21166572952643037     
  0.21235809847712517     
  0.21249588811770082     
  0.21378305088728666     
  0.21414664993062615     
  0.21556536154821515     
  0.21584649849683046     
  0.21596619067713618     
  0.21720192767679691     
  0.21748586324974895     
  0.21838015504181385     
  0.21934116166085005     
  0.22031708667054772     
  0.22068211622536182     
  0.22136729070916772     
  0.22181592509150505     
  0.22210705373436213     
  0.22237274097278714     
  0.22248452110216022     
  0.22253761067986488     
  0.22351597575470805     
  0.22430106811225414     
  0.22557098278775811     
  0.22604436939582229     
  0.22741193836554885     
  0.22838594531640410     
  0.22996141482144594     
  0.23002378130331635     
  0.23035599244758487     
  0.23116399860009551     
  0.23120193090289831     
  0.23120448458939791     
  0.23238792503252625     
  0.23305131029337645     
  0.23346241051331162     
  0.23513411264866590     
  0.23602442257106304     
  0.23650033725425601     
  0.23673028219491243     
  0.23718898603692651     
  0.23786243470385671     
  0.23786273365840316     
  0.23790045315399766     
  0.23827536357566714     
  0.23972544306889176     
  0.24006055062636733     
  0.24030171753838658     
  0.24185353657230735     
  0.24205462075769901     
  0.24330901540815830     
  0.24508664477616549     
  0.24561247974634171     
  0.24598681880161166     
  0.24665502645075321     
  0.25010289996862411     
  0.25031716376543045     
  0.25042432500049472     
  0.25047590024769306     
  0.25061974674463272     
  0.25108364596962929     
  0.25111795775592327     
  0.25114280031993985     
  0.25135562196373940     
  0.25192790059372783     
  0.25221848953515291     
  0.25327971996739507     
  0.25380685692653060     
  0.25390375079587102     
  0.25392624409869313     
  0.25518471701070666     
  0.25657322304323316     
  0.25792525708675385     
  0.25837813364341855     
  0.25841234624385834     
  0.25900110462680459     
  0.26067881518974900     
  0.26088261976838112     
  0.26177579117938876     
  0.26193678239360452     
  0.26238654507324100     
  0.26251084683462977     
  0.26421952387318015     
  0.26422988250851631     
  0.26612521428614855     
  0.26881538936868310     
  0.26991605991497636     
  0.27016961202025414     
  0.27178468881174922     
  0.27269833581522107     
  0.27285601990297437     
  0.27335904911160469     
  0.27413700614124537     
  0.27433878090232611     
  0.27435370814055204     
  0.27498000394552946     
  0.27518681157380342     
  0.27523104613646865     
  0.27648687781766057     
  0.27649413887411356     
  0.27677664067596197     
  0.27944324025884271     
  0.28047869447618723     
  0.28086044499650598     
  0.28205964481458068     
  0.28418205352500081     
  0.28419612441211939     
  0.28513516858220100     
  0.28536260826513171     
  0.28590614022687078     
  0.28668471937999129     
  0.28671230422332883     
  0.28699105326086283     
  0.29014951735734940     
  0.29272279469296336     
  0.29312036838382483     
  0.29360715998336673     
  0.29367204243317246     
  0.29387304652482271     
  0.29417162993922830     
  0.29487075330689549     
  0.29533142736181617     
  0.29614382842555642     
  0.29752517817541957     
  0.29823924740776420     
  0.29838012577965856     
  0.30034748557955027     
  0.30421283142641187     
  0.30424621561542153     
  0.30429494567215443     
  0.30461702495813370     
  0.30550129385665059     
  0.30561739392578602     
  0.30566428229212761     
  0.30620068777352571     
  0.30732412077486515     
  0.30744454870000482     
  0.30752292275428772     
  0.30780041776597500     
  0.30878650769591331     
  0.30940332356840372     
  0.31000738078728318     
  0.31038970081135631     
  0.31219738442450762     
  0.31233682157471776     
  0.31238755024969578     
  0.31261669425293803     
  0.31436736416071653     
  0.31498059909790754     
  0.31510500749573112     
  0.31533179339021444     
  0.31538421800360084     
  0.31574270920827985     
  0.31729741673916578     
  0.31740088108927011     
  0.31747139245271683     
  0.31857313308864832     
  0.31951782200485468     
  0.31968920817598701     
  0.32242516102269292     
  0.32248416123911738     
  0.32293460518121719     
  0.32304499344900250     
  0.32384279882535338     
  0.32471655355766416     
  0.32552561862394214     
  0.32573493476957083     
  0.32661217637360096     
  0.32883938634768128     
  0.33026898046955466     
  0.33145786495879292     
  0.33201127219945192     
  0.33280236739665270     
  0.33482911065220833     
  0.33598333364352584     
  0.33623238885775208     
  0.33654010109603405     
  0.33688525529578328     
  0.33763563074171543     
  0.33778777532279491     
  0.33798719197511673     
  0.33801155909895897     
  0.33852217392995954     
  0.33918639225885272     
  0.33936463855206966     
  0.34258341323584318     
  0.34387200465425849     
  0.34607737325131893     
  0.34698268445208669     
  0.34742054529488087     
  0.34822654677554965     
  0.34826993383467197     
  0.34882301418110728     
  0.34904862893745303     
  0.34919097460806370     
  0.35096696158871055     
  0.35184857016429305     
  0.35185902751982212     
  0.35194315295666456     
  0.35273930570110679     
  0.35325520299375057     
  0.35331840487197042     
  0.35416725603863597     
  0.35447355685755610     
  0.35531265707686543     
  0.35578591050580144     
  0.35599161265417933     
  0.35681736376136541     
  0.35716220270842314     
  0.35786021314561367     
  0.35933439247310162     
  0.35976190678775311     
  0.36009578686207533     
  0.36069770436733961     
  0.36191866872832179     
  0.36195789324119687     
  0.36235535610467196     
  0.36251355009153485     
  0.36309738643467426     
  0.36347428197041154     
  0.36476561753079295     
  0.36521150590851903     
  0.36523177614435554     
  0.36525576235726476     
  0.36565096024423838     
  0.36628293571993709     
  0.36692114872857928     
  0.36714942147955298     
  0.36823173752054572     
  0.36886876728385687     
  0.36951648537069559     
  0.36978150997310877     
  0.37024542875587940     
  0.37074777437373996     
  0.37159412261098623     
  0.37188038602471352     
  0.37262545293197036     
  0.37273475294932723     
  0.37317565921694040     
  0.37494848901405931     
  0.37601801613345742     
  0.37667022226378322     
  0.37868837872520089     
  0.37926086224615574     
  0.38014689367264509     
  0.38016779068857431     
  0.38080892292782664     
  0.38101492868736386     
  0.38154621468856931     
  0.38246918236836791     
  0.38253484619781375     
  0.38405753206461668     
  0.38464336609467864     
  0.38471055543050170     
  0.38476278632879257     
  0.38521772250533104     
  0.38581751612946391     
  0.38604186987504363     
  0.38670237828046083     
  0.38823446491733193     
  0.38906847545877099     
  0.38952480489388108     
  0.39035532576963305     
  0.39086421718820930     
  0.39087344519793987     
  0.39148431876674294     
  0.39296683063730597     
  0.39312970824539661     
  0.39343633782118559     
  0.39345984254032373     
  0.39385979855433106     
  0.39402785990387201     
  0.39431843906641006     
  0.39507825626060367     
  0.39522634213790298     
  0.39604597864672542     
  0.39617652446031570     
  0.39630760997533798     
  0.39635153906419873     
  0.39697279548272491     
  0.39698770968243480     
  0.39698874996975064     
  0.39744777604937553     
  0.39754197513684630     
  0.39891421049833298     
  0.39942013192921877     
  0.40280290739610791     
  0.40300533501431346     
  0.40324157057330012     
  0.40409642877057195     
  0.40526408655568957     
  0.40543142333626747     
  0.40612712968140841     
  0.40672514587640762     
  0.40852053510025144     
  0.40896579297259450     
  0.40961432550102472     
  0.41187206888571382     
  0.41215111501514912     
  0.41270913882181048     
  0.41283575445413589     
  0.41384038748219609     
  0.41416716994717717     
  0.41493073850870132     
  0.41545084957033396     
  0.41549244150519371     
  0.41556297289207578     
  0.41634067706763744     
  0.41712447116151452     
  0.41809569811448455     
  0.41819899063557386     
  0.41824004426598549     
  0.42006409773603082     
  0.42009542044252157     
  0.42054933775216341     
  0.42314308369532228     
  0.42420129803940654     
  0.42436229810118675     
  0.42580868629738688     
  0.42588185658678412     
  0.42718159081414342     
  0.42726467037573457     
  0.42727653263136744     
  0.42759498627856374     
  0.42783244978636503     
  0.42824991326779127     
  0.43018131144344807     
  0.43035086803138256     
  0.43035598332062364     
  0.43093790207058191     
  0.43187020765617490     
  0.43200008105486631     
  0.43306154431775212     
  0.43343258835375309     
  0.43417782569304109     
  0.43466731393709779     
  0.43476186133921146     
  0.43546186108142138     
  0.43732228083536029     
  0.43737274222075939     
  0.43841992085799575     
  0.43860600376501679     
  0.44057798059657216     
  0.44226091308519244     
  0.44314391957595944     
  0.44368088059127331     
  0.44417735841125250     
  0.44462205795571208     
  0.44490069057792425     
  0.44524954818189144     
  0.44533535186201334     
  0.44570097094401717     
  0.44638929842039943     
  0.44640036951750517     
  0.44661830319091678     
  0.44680205266922712     
  0.44681456172838807     
  0.44956934824585915     
  0.45266875391826034     
  0.45464014587923884     
  0.45492096850648522     
  0.45532458089292049     
  0.45578322419896722     
  0.45608429005369544     
  0.45666634850203991     
  0.45681713707745075     
  0.45783453946933150     
  0.45831060037016869     
  0.45872168568894267     
  0.46042476594448090     
  0.46046392899006605     
  0.46066068764775991     
  0.46257278323173523     
  0.46305115707218647     
  0.46332578966394067     
  0.46342612756416202     
  0.46434795716777444     
  0.46531156031414866     
  0.46615351783111691     
  0.46814765781164169     
  0.46816064370796084     
  0.46852105390280485     
  0.46951511921361089     
  0.46960489684715867     
  0.46976589551195502     
  0.47297016577795148     
  0.47299109213054180     
  0.47344240033999085     
  0.47358553437516093     
  0.47429064614698291     
  0.47470517409965396     
  0.47497748257592320     
  0.47725952370092273     
  0.47730324603617191     
  0.47818043828010559     
  0.47847297042608261     
  0.47853964613750577     
  0.47959287697449327     
  0.47974089020863175     
  0.48043731693178415     
  0.48119421908631921     
  0.48123498121276498     
  0.48150444822385907     
  0.48154140077531338     
  0.48169889114797115     
  0.48180484725162387     
  0.48265857296064496     
  0.48333494132384658     
  0.48508202750235796     
  0.48567486833781004     
  0.48589174030348659     
  0.48715961538255215     
  0.48828105954453349     
  0.48937713727355003     
  0.48948797956109047     
  0.49086611531674862     
  0.49119360977783799     
  0.49121240573003888     
  0.49202270340174437     
  0.49361559888347983     
  0.49430810613557696     
  0.49564187834039330     
  0.49567755917087197     
  0.49628928164020181     
  0.49677395494654775     
  0.49831690872088075     
  0.49864589842036366     
  0.49974150490015745     
  0.49978566681966186     
  0.50043170945718884     
  0.50067721540108323     
  0.50137332407757640     
  0.50177944405004382     
  0.50251248013228178     
  0.50320455105975270     
  0.50333957374095917     
  0.50373093318194151     
  0.50436023296788335     
  0.50437653716653585     
  0.50449831364676356     
  0.50523932604119182     
  0.50545133650302887     
  0.50610223179683089     
  0.50676422612741590     
  0.50787602644413710     
  0.50812180852517486     
  0.50961594702675939     
  0.50978214712813497     
  0.50993434432893991     
  0.51071004662662745     
  0.51127834105864167     
  0.51133760251104832     
  0.51180361909791827     
  0.51351038040593266     
  0.51447990955784917     
  0.51494380924850702     
  0.51496675098314881     
  0.51579284947365522     
  0.51604561926797032     
  0.51618681615218520     
  0.51620228355750442     
  0.51651345286518335     
  0.51727154478430748     
  0.51784814707934856     
  0.51825450919568539     
  0.51923426194116473     
  0.52129230974242091     
  0.52142737433314323     
  0.52151279291138053     
  0.52165206102654338     
  0.52168680215254426     
  0.52258579619228840     
  0.52360587893053889     
  0.52391474926844239     
  0.52498627733439207     
  0.52512679435312748     
  0.52559707080945373     
  0.52594061568379402     
  0.52672179834917188     
  0.52711303904652596     
  0.52751665282994509     
  0.52923971787095070     
  0.53010301804170012     
  0.53150256955996156     
  0.53153746249154210     
  0.53252947470173240     
  0.53283198969438672     
  0.53313044132664800     
  0.53486042423173785     
  0.53571130195632577     
  0.53625064156949520     
  0.53661368507891893     
  0.53717011027038097     
  0.53720458783209324     
  0.53745633317157626     
  0.53898365655913949     
  0.53943986538797617     
  0.54016290232539177     
  0.54171008616685867     
  0.54231450706720352     
  0.54399861628189683     
  0.54465374210849404     
  0.54485745169222355     
  0.54494527122005820     
  0.54548233188688755     
  0.54715246893465519     
  0.54820187250152230     
  0.54823098750784993     
  0.54890627181157470     
  0.54899472137913108     
  0.54910564562305808     
  0.54989323159679770     
  0.55117789143696427     
  0.55184537917375565     
  0.55188404815271497     
  0.55189488874748349     
  0.55272981477901340     
  0.55325420806184411     
  0.55332978721708059     
  0.55474566249176860     
  0.55497448379173875     
  0.55543504701927304     
  0.55550693627446890     
  0.55662507517263293     
  0.55694489507004619     
  0.55884578265249729     
  0.56028030626475811     
  0.56059746863320470     
  0.56095062522217631     
  0.56103429757058620     
  0.56114849075675011     
  0.56117581715807319     
  0.56323856813833117     
  0.56368795456364751     
  0.56374794244766235     
  0.56421923637390137     
  0.56585134519264102     
  0.56680114846676588     
  0.56718335812911391     
  0.56779174460098147     
  0.56785687990486622     
  0.56858672900125384     
  0.56886567501351237     
  0.56967244157567620     
  0.57145916437730193     
  0.57220987230539322     
  0.57400694908574224     
  0.57404920971021056     
  0.57525995839387178     
  0.57532520731911063     
  0.57639379706233740     
  0.57705686287954450     
  0.57720795646309853     
  0.57814685441553593     
  0.57863977877423167     
  0.57911752676591277     
  0.57939606998115778     
  0.57982037821784616     
  0.57996200863271952     
  0.58153373468667269     
  0.58171963179484010     
  0.58197034057229757     
  0.58359180297702551     
  0.58464929694309831     
  0.58565216977149248     
  0.58565845200791955     
  0.58631270937621593     
  0.58864117367193103     
  0.58895618328824639     
  0.58925729244947433     
  0.59009718196466565     
  0.59058130718767643     
  0.59078323049470782     
  0.59088196558877826     
  0.59223881037905812     
  0.59237818047404289     
  0.59243407193571329     
  0.59267611801624298     
  0.59340005926787853     
  0.59378222050145268     
  0.59419610258191824     
  0.59422260662540793     
  0.59445101022720337     
  0.59638308268040419     
  0.59782840358093381     
  0.59789408184587955     
  0.59872889565303922     
  0.59878067346289754     
  0.59947145869955420     
  0.59999990370124578     
  0.60048080142587423     
  0.60050471592694521     
  0.60090877348557115     
  0.60232638381421566     
  0.60239158757030964     
  0.60352264903485775     
  0.60414085956290364     
  0.60485155927017331     
  0.60498801944777369     
  0.60627701738849282     
  0.60718457773327827     
  0.60721425665542483     
  0.60726468823850155     
  0.60797074250876904     
  0.60845514293760061     
  0.60881213517859578     
  0.61074294243007898     
  0.61137110833078623     
  0.61157497297972441     
  0.61182632530108094     
  0.61186298308894038     
  0.61192444851621985     
  0.61309393076226115     
  0.61432484770193696     
  0.61465638410300016     
  0.61485939752310514     
  0.61523385532200336     
  0.61530256550759077     
  0.61626968160271645     
  0.61628238763660192     
  0.61793372500687838     
  0.61813608417287469     
  0.62043733010068536     
  0.62045394862070680     
  0.62106269830837846     
  0.62209513643756509     
  0.62279090285301208     
  0.62443803530186415     
  0.62445382960140705     
  0.62522673467174172     
  0.62787121348083019     
  0.62794364010915160     
  0.62827849667519331     
  0.62830600794404745     
  0.62841553380712867     
  0.62889764178544283     
  0.62970118178054690     
  0.62996322568506002     
  0.63056897185742855     
  0.63116085994988680     
  0.63131091929972172     
  0.63134522177278996     
  0.63180450908839703     
  0.63206807151436806     
  0.63256596168503165     
  0.63370486814528704     
  0.63403761573135853     
  0.63463024888187647     
  0.63514981744810939     
  0.63544871052727103     
  0.63576372060924768     
  0.63617632677778602     
  0.63679980114102364     
  0.63684490649029613     
  0.63728116638958454     
  0.63751943921670318     
  0.63841994386166334     
  0.63952808547765017     
  0.63955551944673061     
  0.64018868282437325     
  0.64019107911735773     
  0.64089706493541598     
  0.64113231329247355     
  0.64241287857294083     
  0.64305827673524618     
  0.64316977234557271     
  0.64322704169899225     
  0.64339849539101124     
  0.64391060639172792     
  0.64568063104525208     
  0.64596137870103121     
  0.64707990968599916     
  0.64872804190963507     
  0.64958039065822959     
  0.64966090535745025     
  0.65046302508562803     
  0.65279428195208311     
  0.65363738639280200     
  0.65423687314614654     
  0.65452858665958047     
  0.65559055004268885     
  0.65600130334496498     
  0.65611836081370711     
  0.65619245171546936     
  0.65684441849589348     
  0.65704354224726558     
  0.65741147799417377     
  0.65815203310921788     
  0.65924838930368423     
  0.66078546550124884     
  0.66102859936654568     
  0.66190730268135667     
  0.66252150712534785     
  0.66254436597228050     
  0.66267244797199965     
  0.66361413337290287     
  0.66455542389303446     
  0.66751928906887770     
  0.66882342472672462     
  0.66977873165160418     
  0.67057031439617276     
  0.67071139346808195     
  0.67089693900197744     
  0.67134904069826007     
  0.67180578922852874     
  0.67229903070256114     
  0.67549126502126455     
  0.67583465483039618     
  0.67646899120882154     
  0.67787484033033252     
  0.67799372458830476     
  0.67800846090540290     
  0.67843355750665069     
  0.67868701973930001     
  0.67981051374226809     
  0.67993638105690479     
  0.68016580725088716     
  0.68044813117012382     
  0.68316573696210980     
  0.68415823532268405     
  0.68418810935690999     
  0.68437815317884088     
  0.68448373908177018     
  0.68474995577707887     
  0.68518744176253676     
  0.68584393803030252     
  0.68655565474182367     
  0.68851459817960858     
  0.68888384103775024     
  0.69131085090339184     
  0.69184685219079256     
  0.69365281518548727     
  0.69431033730506897     
  0.69615044584497809     
  0.69658553740009665     
  0.69718048209324479     
  0.69746941328048706     
  0.69918727828189731     
  0.69951931061223149     
  0.70115630188956857     
  0.70117276022210717     
  0.70118395099416375     
  0.70155215403065085     
  0.70183294219896197     
  0.70230051036924124     
  0.70323101943358779     
  0.70331132365390658     
  0.70347683457657695     
  0.70363434776663780     
  0.70465061115100980     
  0.70475603919476271     
  0.70532539021223783     
  0.70599960023537278     
  0.70605018781498075     
  0.70706069935113192     
  0.70751512749120593     
  0.70894115138798952     
  0.70962022431194782     
  0.71056960383430123     
  0.71057730959728360     
  0.71138607943430543     
  0.71165236970409751     
  0.71165384212508798     
  0.71236608317121863     
  0.71248374879360199     
  0.71354886842891574     
  0.71357321133837104     
  0.71527107665315270     
  0.71536111459136009     
  0.71598573029041290     
  0.71744234953075647     
  0.71747010527178645     
  0.71780531248077750     
  0.71802583057433367     
  0.71815088763833046     
  0.71972428169101477     
  0.72023774171248078     
  0.72058283817023039     
  0.72206385014578700     
  0.72292045410722494     
  0.72355705266818404     
  0.72431110963225365     
  0.72487965831533074     
  0.72531246021389961     
  0.72532313782721758     
  0.72571136755868793     
  0.72589924279600382     
  0.72719456534832716     
  0.72743974998593330     
  0.72748047625645995     
  0.72813850175589323     
  0.72918799985200167     
  0.72951806895434856     
  0.72969219414517283     
  0.73153593717142940     
  0.73254098603501916     
  0.73269200138747692     
  0.73280239570885897     
  0.73299649171531200     
  0.73384685115888715     
  0.73617960093542933     
  0.73618659842759371     
  0.73643776215612888     
  0.73650869214907289     
  0.73683815589174628     
  0.73832216812297702     
  0.74071546876803041     
  0.74129244592040777     
  0.74207095801830292     
  0.74234031233936548     
  0.74241617368534207     
  0.74244054639711976     
  0.74312930461019278     
  0.74419861612841487     
  0.74456993304193020     
  0.74489146517589688     
  0.74514357512816787     
  0.74571233941242099     
  0.74850920494645834     
  0.74932917254045606     
  0.75053807673975825     
  0.75115112308412790     
  0.75365167576819658     
  0.75368929700925946     
  0.75488795619457960     
  0.75500896712765098     
  0.75645726220682263     
  0.75667907437309623     
  0.75790421059355140     
  0.75814591720700264     
  0.75938931014388800     
  0.75972508452832699     
  0.76323196291923523     
  0.76370374113321304     
  0.76436163578182459     
  0.76713900873437524     
  0.76728024752810597     
  0.76803139410912991     
  0.76906109508126974     
  0.76950426027178764     
  0.76977150049060583     
  0.76982037071138620     
  0.76986011629924178     
  0.77038585860282183     
  0.77073982823640108     
  0.77260312205180526     
  0.77444770559668541     
  0.77456461219117045     
  0.77484252955764532     
  0.77484962996095419     
  0.77543210051953793     
  0.77580517949536443     
  0.77598260529339314     
  0.77681753365322948     
  0.77735718945041299     
  0.77737740240991116     
  0.77747786883264780     
  0.77771223289892077     
  0.77857716614380479     
  0.77887225383892655     
  0.77917093597352505     
  0.77922733221203089     
  0.77941510220989585     
  0.78029383206740022     
  0.78121346049010754     
  0.78170887054875493     
  0.78196452930569649     
  0.78238427825272083     
  0.78373843338340521     
  0.78440790809690952     
  0.78486769506707788     
  0.78539205482229590     
  0.78566429531201720     
  0.78608685825020075     
  0.78775164997205138     
  0.79269424127414823     
  0.79271547775715590     
  0.79287326289340854     
  0.79297239240258932     
  0.79307911032810807     
  0.79533255891874433     
  0.79557646531611681     
  0.79645703127607703     
  0.79834033828228712     
  0.79845015099272132     
  0.79956097016111016     
  0.79998314427211881     
  0.80069142719730735     
  0.80118008237332106     
  0.80160090001299977     
  0.80175575707107782     
  0.80199110135436058     
  0.80229647271335125     
  0.80247998796403408     
  0.80251316074281931     
  0.80357943847775459     
  0.80378385866060853     
  0.80430132383480668     
  0.80460131075233221     
  0.80557469045743346     
  0.80611441656947136     
  0.80785277625545859     
  0.80974742723628879     
  0.80987768247723579     
  0.81013186508789659     
  0.81022330792620778     
  0.81154077406972647     
  0.81160408211871982     
  0.81330871209502220     
  0.81509645795449615     
  0.81557168206200004     
  0.81565945921465755     
  0.81566529301926494     
  0.81595680536702275     
  0.81790440529584885     
  0.81799624068662524     
  0.81863838294520974     
  0.82032783515751362     
  0.82054290222004056     
  0.82169980509206653     
  0.82182074245065451     
  0.82182787312194705     
  0.82214656984433532     
  0.82233082829043269     
  0.82288067229092121     
  0.82507833931595087     
  0.82511643320322037     
  0.82865842850878835     
  0.82946234382688999     
  0.82997542526572943     
  0.83060451969504356     
  0.83111277408897877     
  0.83188326284289360     
  0.83231280371546745     
  0.83365610893815756     
  0.83425214700400829     
  0.83428503200411797     
  0.83467069221660495     
  0.83515155548229814     
  0.83625745680183172     
  0.83764071017503738     
  0.83773825783282518     
  0.83795719081535935     
  0.83821465587243438     
  0.83836470404639840     
  0.83936021896079183     
  0.84001159714534879     
  0.84043911471962929     
  0.84094563685357571     
  0.84117279713973403     
  0.84150939993560314     
  0.84232529764994979     
  0.84235454211011529     
  0.84423374617472291     
  0.84538439894095063     
  0.84630880830809474     
  0.84676002897322178     
  0.84681813698261976     
  0.84737959830090404     
  0.84765469189733267     
  0.84805994806811213     
  0.84914482943713665     
  0.84999654674902558     
  0.85045535210520029     
  0.85179074201732874     
  0.85262197628617287     
  0.85317802708595991     
  0.85327526601031423     
  0.85587448580190539     
  0.85659323167055845     
  0.85713924979791045     
  0.85741520393639803     
  0.85785250598564744     
  0.85800004238262773     
  0.85945181874558330     
  0.86143523734062910     
  0.86173043120652437     
  0.86214308207854629     
  0.86229709489271045     
  0.86366374557837844     
  0.86421874677762389     
  0.86545522650703788     
  0.86557819088920951     
  0.86684163892641664     
  0.86781375855207443     
  0.86881171166896820     
  0.86942857922986150     
  0.87126139318570495     
  0.87211972847580910     
  0.87366856168955564     
  0.87371135829016566     
  0.87436657631769776     
  0.87664889590814710     
  0.87801592750474811     
  0.87966747628524899     
  0.87990569835528731     
  0.88046959321945906     
  0.88070720247924328     
  0.88106605550274253     
  0.88152373582124710     
  0.88162085926160216     
  0.88182392390444875     
  0.88317055488005280     
  0.88374046748504043     
  0.88439036719501019     
  0.88504987303167582     
  0.88516075816005468     
  0.88548498181626201     
  0.88561134878546000     
  0.88563784025609493     
  0.88576783984899521     
  0.88584423717111349     
  0.88598765013739467     
  0.88656588038429618     
  0.88695087190717459     
  0.88726573623716831     
  0.88757785269990563     
  0.88864152971655130     
  0.88891168497502804     
  0.88904678216204047     
  0.88907911861315370     
  0.88968519354239106     
  0.88999084336683154     
  0.89011564292013645     
  0.89231988973915577     
  0.89420341700315475     
  0.89492705464363098     
  0.89622756093740463     
  0.89656558493152261     
  0.89667180692777038     
  0.89669328462332487     
  0.89730799803510308     
  0.89733699709177017     
  0.89804611820727587     
  0.89830483822152019     
  0.89857855299487710     
  0.89871165482327342     
  0.89924776414409280     
  0.89973841281607747     
  0.90119748190045357     
  0.90152406971901655     
  0.90219144476577640     
  0.90263610100373626     
  0.90363049646839499     
  0.90848055016249418     
  0.90873967949301004     
  0.90964443748816848     
  0.91001513134688139     
  0.91013267822563648     
  0.91159246629104018     
  0.91225583571940660     
  0.91309261089190841     
  0.91452825162559748     
  0.91459393128752708     
  0.91478834860026836     
  0.91575605794787407     
  0.91575724305585027     
  0.91722504748031497     
  0.91855075675994158     
  0.91934858821332455     
  0.92083467449992895     
  0.92112922528758645     
  0.92263849405571818     
  0.92328017577528954     
  0.92393254209309816     
  0.92494493117555976     
  0.92601693375036120     
  0.92633174639195204     
  0.92663354426622391     
  0.92701564589515328     
  0.92756586754694581     
  0.92892334749922156     
  0.92990727676078677     
  0.93027152540162206     
  0.93094750214368105     
  0.93200060678645968     
  0.93242321070283651     
  0.93296110117807984     
  0.93519606394693255     
  0.93584312964230776     
  0.93692458234727383     
  0.93873103056102991     
  0.93883427651599050     
  0.93889260524883866     
  0.93904512608423829     
  0.93966280110180378     
  0.94005854753777385     
  0.94097073096781969     
  0.94294469757005572     
  0.94357221247628331     
  0.94366619782522321     
  0.94368076836690307     
  0.94443974085152149     
  0.94559652078896761     
  0.94604441057890654     
  0.94610014418140054     
  0.94644794194027781     
  0.94724094169214368     
  0.94735792698338628     
  0.94852961366996169     
  0.94906489504501224     
  0.94955045217648149     
  0.94959240825846791     
  0.94966959813609719     
  0.95103048067539930     
  0.95185525994747877     
  0.95260866684839129     
  0.95305267209187150     
  0.95334462635219097     
  0.95359702641144395     
  0.95409716991707683     
  0.95470962021499872     
  0.95507414266467094     
  0.95552946301177144     
  0.95682604005560279     
  0.95767718786373734     
  0.95872454345226288     
  0.95885750185698271     
  0.95896577648818493     
  0.95906319143250585     
  0.95967656886205077     
  0.96253918809816241     
  0.96301662502810359     
  0.96439651958644390     
  0.96483714273199439     
  0.96506764786317945     
  0.96520174760371447     
  0.96627721469849348     
  0.96658133342862129     
  0.96673458628356457     
  0.96714642830193043     
  0.96715839486569166     
  0.96789419651031494     
  0.96841465495526791     
  0.96881300210952759     
  0.96971659269183874     
  0.97040368616580963     
  0.97138396697118878     
  0.97189982235431671     
  0.97357308585196733     
  0.97395845828577876     
  0.97617076011374593     
  0.97641870891675353     
  0.97684583021327853     
  0.98013079026713967     
  0.98202048847451806     
  0.98216499108821154     
  0.98380343057215214     
  0.98558986559510231     
  0.98586944304406643     
  0.98587757628411055     
  0.98591331345960498     
  0.98636628966778517     
  0.98662537569180131     
  0.98752477811649442     
  0.98782235383987427     
  0.98790806392207742     
  0.98827057192102075     
  0.98834187537431717     
  0.99179622670635581     
  0.99185431050136685     
  0.99228289816528559     
  0.99322780827060342     
  0.99526600167155266     
  0.99582220707088709     
  0.99645154690369964     
  0.99645889131352305     
  0.99689600942656398     
  0.99750243872404099     
  0.99810577044263482     
  0.99855779251083732     
  0.99871828081086278     
  0.99903723690658808     
  0.99935795692726970     
  0.99998464295640588     
