   0.0000000000000000        4980.0000000000000     
   1.0000000000000000E-002   4960.0799999999999     
   2.0000000000000000E-002   4940.2396799999997     
   2.9999999999999999E-002   4920.4787212799993     
   4.0000000000000001E-002   4900.7968063948792     
   5.0000000000000003E-002   4881.1936191692994     
   5.9999999999999998E-002   4861.6688446926219     
   7.0000000000000007E-002   4842.2221693138517     
   8.0000000000000002E-002   4822.8532806365965     
   8.9999999999999997E-002   4803.5618675140504     
  0.10000000000000001        4784.3476200439945     
  0.11000000000000000        4765.2102295638188     
  0.12000000000000000        4746.1493886455637     
  0.13000000000000000        4727.1647910909815     
  0.14000000000000001        4708.2561319266179     
  0.14999999999999999        4689.4231073989113     
  0.16000000000000000        4670.6654149693159     
  0.17000000000000001        4651.9827533094385     
  0.17999999999999999        4633.3748222962004     
  0.19000000000000000        4614.8413230070155     
  0.20000000000000001        4596.3819577149870     
  0.20999999999999999        4577.9964298841269     
  0.22000000000000000        4559.6844441645908     
  0.23000000000000001        4541.4457063879327     
  0.23999999999999999        4523.2799235623806     
  0.25000000000000000        4505.1868038681314     
  0.26000000000000001        4487.1660566526589     
  0.27000000000000002        4469.2173924260478     
  0.28000000000000003        4451.3405228563433     
  0.28999999999999998        4433.5351607649181     
  0.29999999999999999        4415.8010201218585     
  0.31000000000000000        4398.1378160413715     
  0.32000000000000001        4380.5452647772063     
  0.33000000000000002        4363.0230837180970     
  0.34000000000000002        4345.5709913832243     
  0.35000000000000003        4328.1887074176911     
  0.35999999999999999        4310.8759525880205     
  0.37000000000000000        4293.6324487776683     
  0.38000000000000000        4276.4579189825572     
  0.39000000000000001        4259.3520873066273     
  0.40000000000000002        4242.3146789574012     
  0.41000000000000003        4225.3454202415714     
  0.41999999999999998        4208.4440385606049     
  0.42999999999999999        4191.6102624063624     
  0.44000000000000000        4174.8438213567370     
  0.45000000000000001        4158.1444460713101     
  0.46000000000000002        4141.5118682870252     
  0.47000000000000003        4124.9458208138767     
  0.47999999999999998        4108.4460375306217     
  0.48999999999999999        4092.0122533804993     
  0.50000000000000000        4075.6442043669772     
  0.51000000000000001        4059.3416275495092     
  0.52000000000000002        4043.1042610393110     
  0.53000000000000003        4026.9318439951539     
  0.54000000000000004        4010.8241166191733     
  0.55000000000000004        3994.7808201526968     
  0.56000000000000005        3978.8016968720863     
  0.57000000000000006        3962.8864900845979     
  0.57999999999999996        3947.0349441242597     
  0.58999999999999997        3931.2468043477625     
  0.59999999999999998        3915.5218171303713     
  0.60999999999999999        3899.8597298618497     
  0.62000000000000000        3884.2602909424022     
  0.63000000000000000        3868.7232497786326     
  0.64000000000000001        3853.2483567795180     
  0.65000000000000002        3837.8353633523998     
  0.66000000000000003        3822.4840218989902     
  0.67000000000000004        3807.1940858113944     
  0.68000000000000005        3791.9653094681489     
  0.69000000000000006        3776.7974482302761     
  0.70000000000000007        3761.6902584373552     
  0.70999999999999996        3746.6434974036056     
  0.71999999999999997        3731.6569234139911     
  0.72999999999999998        3716.7302957203351     
  0.73999999999999999        3701.8633745374536     
  0.75000000000000000        3687.0559210393039     
  0.76000000000000001        3672.3076973551465     
  0.77000000000000002        3657.6184665657261     
  0.78000000000000003        3642.9879926994631     
  0.79000000000000004        3628.4160407286654     
  0.80000000000000004        3613.9023765657507     
  0.81000000000000005        3599.4467670594877     
  0.82000000000000006        3585.0489799912498     
  0.83000000000000007        3570.7087840712848     
  0.83999999999999997        3556.4259489349997     
  0.84999999999999998        3542.2002451392596     
  0.85999999999999999        3528.0314441587025     
  0.87000000000000000        3513.9193183820676     
  0.88000000000000000        3499.8636411085395     
  0.89000000000000001        3485.8641865441055     
  0.90000000000000002        3471.9207297979292     
  0.91000000000000003        3458.0330468787374     
  0.92000000000000004        3444.2009146912224     
  0.93000000000000005        3430.4241110324574     
  0.94000000000000006        3416.7024145883274     
  0.95000000000000007        3403.0356049299739     
  0.95999999999999996        3389.4234625102540     
  0.96999999999999997        3375.8657686602128     
  0.97999999999999998        3362.3623055855719     
  0.98999999999999999        3348.9128563632298     
   1.0000000000000000        3335.5172049377770     
   1.0100000000000000        3322.1751361180259     
   1.0200000000000000        3308.8864355735536     
   1.0300000000000000        3295.6508898312595     
   1.0400000000000000        3282.4682862719346     
   1.0500000000000000        3269.3384131268467     
   1.0600000000000001        3256.2610594743392     
   1.0700000000000001        3243.2360152364417     
   1.0800000000000001        3230.2630711754960     
   1.0900000000000001        3217.3420188907940     
   1.1000000000000001        3204.4726508152307     
   1.1100000000000001        3191.6547602119699     
   1.1200000000000001        3178.8881411711222     
   1.1300000000000001        3166.1725886064378     
   1.1400000000000001        3153.5078982520122     
   1.1500000000000001        3140.8938666590043     
   1.1599999999999999        3128.3302911923683     
   1.1699999999999999        3115.8169700275989     
   1.1799999999999999        3103.3537021474885     
   1.1899999999999999        3090.9402873388985     
   1.2000000000000000        3078.5765261895431     
   1.2100000000000000        3066.2622200847850     
   1.2200000000000000        3053.9971712044457     
   1.2300000000000000        3041.7811825196281     
   1.2400000000000000        3029.6140577895494     
   1.2500000000000000        3017.4956015583912     
   1.2600000000000000        3005.4256191521577     
   1.2700000000000000        2993.4039166755492     
   1.2800000000000000        2981.4303010088470     
   1.2900000000000000        2969.5045798048118     
   1.3000000000000000        2957.6265614855924     
   1.3100000000000001        2945.7960552396503     
   1.3200000000000001        2934.0128710186918     
   1.3300000000000001        2922.2768195346171     
   1.3400000000000001        2910.5877122564784     
   1.3500000000000001        2898.9453614074523     
   1.3600000000000001        2887.3495799618227     
   1.3700000000000001        2875.8001816419755     
   1.3800000000000001        2864.2969809154079     
   1.3900000000000001        2852.8397929917464     
   1.4000000000000001        2841.4284338197795     
   1.4099999999999999        2830.0627200845001     
   1.4199999999999999        2818.7424692041623     
   1.4299999999999999        2807.4674993273456     
   1.4399999999999999        2796.2376293300363     
   1.4500000000000000        2785.0526788127163     
   1.4600000000000000        2773.9124680974655     
   1.4700000000000000        2762.8168182250756     
   1.4800000000000000        2751.7655509521755     
   1.4900000000000000        2740.7584887483667     
   1.5000000000000000        2729.7954547933732     
   1.5100000000000000        2718.8762729741998     
   1.5200000000000000        2708.0007678823031     
   1.5300000000000000        2697.1687648107741     
   1.5400000000000000        2686.3800897515312     
   1.5500000000000000        2675.6345693925250     
   1.5600000000000001        2664.9320311149550     
   1.5700000000000001        2654.2723029904951     
   1.5800000000000001        2643.6552137785329     
   1.5900000000000001        2633.0805929234189     
   1.6000000000000001        2622.5482705517252     
   1.6100000000000001        2612.0580774695181     
   1.6200000000000001        2601.6098451596399     
   1.6300000000000001        2591.2034057790015     
   1.6400000000000001        2580.8385921558856     
   1.6500000000000001        2570.5152377872619     
   1.6600000000000001        2560.2331768361128     
   1.6699999999999999        2549.9922441287681     
   1.6799999999999999        2539.7922751522528     
   1.6899999999999999        2529.6331060516436     
   1.7000000000000000        2519.5145736274371     
   1.7100000000000000        2509.4365153329272     
   1.7200000000000000        2499.3987692715955     
   1.7300000000000000        2489.4011741945092     
   1.7400000000000000        2479.4435694977310     
   1.7500000000000000        2469.5257952197403     
   1.7600000000000000        2459.6476920388614     
   1.7700000000000000        2449.8091012707059     
   1.7800000000000000        2440.0098648656231     
   1.7900000000000000        2430.2498254061607     
   1.8000000000000000        2420.5288261045362     
   1.8100000000000001        2410.8467108001182     
   1.8200000000000001        2401.2033239569178     
   1.8300000000000001        2391.5985106610901     
   1.8400000000000001        2382.0321166184458     
   1.8500000000000001        2372.5039881519720     
   1.8600000000000001        2363.0139721993642     
   1.8700000000000001        2353.5619163105666     
   1.8800000000000001        2344.1476686453243     
   1.8900000000000001        2334.7710779707431     
   1.9000000000000001        2325.4319936588599     
   1.9100000000000001        2316.1302656842245     
   1.9199999999999999        2306.8657446214875     
   1.9299999999999999        2297.6382816430014     
   1.9399999999999999        2288.4477285164294     
   1.9500000000000000        2279.2939376023637     
   1.9600000000000000        2270.1767618519543     
   1.9700000000000000        2261.0960548045464     
   1.9800000000000000        2252.0516705853283     
   1.9900000000000000        2243.0434639029872     
   2.0000000000000000        2234.0712900473754     
   2.0100000000000002        2225.1350048871859     
   2.0200000000000000        2216.2344648676371     
   2.0300000000000002        2207.3695270081666     
   2.0400000000000000        2198.5400489001340     
   2.0499999999999998        2189.7458887045336     
   2.0600000000000001        2180.9869051497153     
   2.0699999999999998        2172.2629575291166     
   2.0800000000000001        2163.5739056990001     
   2.0899999999999999        2154.9196100762042     
   2.1000000000000001        2146.2999316358996     
   2.1099999999999999        2137.7147319093560     
   2.1200000000000001        2129.1638729817187     
   2.1299999999999999        2120.6472174897917     
   2.1400000000000001        2112.1646286198325     
   2.1499999999999999        2103.7159701053533     
   2.1600000000000001        2095.3011062249320     
   2.1699999999999999        2086.9199018000322     
   2.1800000000000002        2078.5722221928322     
   2.1899999999999999        2070.2579333040608     
   2.2000000000000002        2061.9769015708443     
   2.2100000000000000        2053.7289939645611     
   2.2200000000000002        2045.5140779887029     
   2.2300000000000000        2037.3320216767481     
   2.2400000000000002        2029.1826935900410     
   2.2500000000000000        2021.0659628156809     
   2.2600000000000002        2012.9816989644182     
   2.2700000000000000        2004.9297721685605     
   2.2800000000000002        1996.9100530798862     
   2.2900000000000000        1988.9224128675667     
   2.3000000000000003        1980.9667232160964     
   2.3100000000000001        1973.0428563232319     
   2.3199999999999998        1965.1506848979391     
   2.3300000000000001        1957.2900821583473     
   2.3399999999999999        1949.4609218297139     
   2.3500000000000001        1941.6630781423951     
   2.3599999999999999        1933.8964258298256     
   2.3700000000000001        1926.1608401265064     
   2.3799999999999999        1918.4561967660004     
   2.3900000000000001        1910.7823719789365     
   2.3999999999999999        1903.1392424910207     
   2.4100000000000001        1895.5266855210566     
   2.4199999999999999        1887.9445787789723     
   2.4300000000000002        1880.3928004638565     
   2.4399999999999999        1872.8712292620010     
   2.4500000000000002        1865.3797443449530     
   2.4600000000000000        1857.9182253675731     
   2.4700000000000002        1850.4865524661027     
   2.4800000000000000        1843.0846062562382     
   2.4900000000000002        1835.7122678312132     
   2.5000000000000000        1828.3694187598883     
   2.5100000000000002        1821.0559410848487     
   2.5200000000000000        1813.7717173205092     
   2.5300000000000002        1806.5166304512272     
   2.5400000000000000        1799.2905639294222     
   2.5500000000000003        1792.0934016737044     
   2.5600000000000001        1784.9250280670096     
   2.5699999999999998        1777.7853279547417     
   2.5800000000000001        1770.6741866429227     
   2.5899999999999999        1763.5914898963510     
   2.6000000000000001        1756.5371239367657     
   2.6099999999999999        1749.5109754410187     
   2.6200000000000001        1742.5129315392546     
   2.6299999999999999        1735.5428798130977     
   2.6400000000000001        1728.6007082938452     
   2.6499999999999999        1721.6863054606697     
   2.6600000000000001        1714.7995602388271     
   2.6699999999999999        1707.9403619978718     
   2.6800000000000002        1701.1086005498803     
   2.6899999999999999        1694.3041661476807     
   2.7000000000000002        1687.5269494830900     
   2.7100000000000000        1680.7768416851577     
   2.7200000000000002        1674.0537343184171     
   2.7300000000000000        1667.3575193811434     
   2.7400000000000002        1660.6880893036189     
   2.7500000000000000        1654.0453369464044     
   2.7600000000000002        1647.4291555986188     
   2.7700000000000000        1640.8394389762243     
   2.7800000000000002        1634.2760812203194     
   2.7900000000000000        1627.7389768954381     
   2.8000000000000003        1621.2280209878563     
   2.8100000000000001        1614.7431089039048     
   2.8199999999999998        1608.2841364682893     
   2.8300000000000001        1601.8509999224161     
   2.8399999999999999        1595.4435959227264     
   2.8500000000000001        1589.0618215390355     
   2.8599999999999999        1582.7055742528794     
   2.8700000000000001        1576.3747519558679     
   2.8799999999999999        1570.0692529480443     
   2.8900000000000001        1563.7889759362522     
   2.8999999999999999        1557.5338200325073     
   2.9100000000000001        1551.3036847523772     
   2.9199999999999999        1545.0984700133677     
   2.9300000000000002        1538.9180761333141     
   2.9399999999999999        1532.7624038287809     
   2.9500000000000002        1526.6313542134658     
   2.9600000000000000        1520.5248287966119     
   2.9700000000000002        1514.4427294814254     
   2.9800000000000000        1508.3849585634998     
   2.9900000000000002        1502.3514187292458     
   3.0000000000000000        1496.3420130543288     
   3.0100000000000002        1490.3566450021115     
   3.0200000000000000        1484.3952184221030     
   3.0300000000000002        1478.4576375484146     
   3.0400000000000000        1472.5438069982210     
   3.0500000000000003        1466.6536317702282     
   3.0600000000000001        1460.7870172431474     
   3.0700000000000003        1454.9438691741748     
   3.0800000000000001        1449.1240936974780     
   3.0899999999999999        1443.3275973226880     
   3.1000000000000001        1437.5542869333972     
   3.1099999999999999        1431.8040697856636     
   3.1200000000000001        1426.0768535065210     
   3.1299999999999999        1420.3725460924950     
   3.1400000000000001        1414.6910559081250     
   3.1499999999999999        1409.0322916844925     
   3.1600000000000001        1403.3961625177546     
   3.1699999999999999        1397.7825778676836     
   3.1800000000000002        1392.1914475562128     
   3.1899999999999999        1386.6226817659879     
   3.2000000000000002        1381.0761910389240     
   3.2100000000000000        1375.5518862747683     
   3.2200000000000002        1370.0496787296693     
   3.2300000000000000        1364.5694800147505     
   3.2400000000000002        1359.1112020946916     
   3.2500000000000000        1353.6747572863128     
   3.2600000000000002        1348.2600582571677     
   3.2700000000000000        1342.8670180241390     
   3.2800000000000002        1337.4955499520424     
   3.2900000000000000        1332.1455677522342     
   3.3000000000000003        1326.8169854812254     
   3.3100000000000001        1321.5097175393005     
   3.3200000000000003        1316.2236786691433     
   3.3300000000000001        1310.9587839544668     
   3.3399999999999999        1305.7149488186490     
   3.3500000000000001        1300.4920890233743     
   3.3599999999999999        1295.2901206672809     
   3.3700000000000001        1290.1089601846118     
   3.3799999999999999        1284.9485243438733     
   3.3900000000000001        1279.8087302464978     
   3.3999999999999999        1274.6894953255119     
   3.4100000000000001        1269.5907373442099     
   3.4199999999999999        1264.5123743948329     
   3.4300000000000002        1259.4543248972536     
   3.4399999999999999        1254.4165075976646     
   3.4500000000000002        1249.3988415672738     
   3.4600000000000000        1244.4012462010048     
   3.4700000000000002        1239.4236412162008     
   3.4800000000000000        1234.4659466513360     
   3.4900000000000002        1229.5280828647308     
   3.5000000000000000        1224.6099705332720     
   3.5100000000000002        1219.7115306511389     
   3.5200000000000000        1214.8326845285344     
   3.5300000000000002        1209.9733537904203     
   3.5400000000000000        1205.1334603752587     
   3.5500000000000003        1200.3129265337577     
   3.5600000000000001        1195.5116748276228     
   3.5700000000000003        1190.7296281283122     
   3.5800000000000001        1185.9667096157989     
   3.5899999999999999        1181.2228427773357     
   3.6000000000000001        1176.4979514062263     
   3.6099999999999999        1171.7919596006013     
   3.6200000000000001        1167.1047917621988     
   3.6299999999999999        1162.4363725951500     
   3.6400000000000001        1157.7866271047694     
   3.6499999999999999        1153.1554805963503     
   3.6600000000000001        1148.5428586739649     
   3.6699999999999999        1143.9486872392690     
   3.6800000000000002        1139.3728924903119     
   3.6899999999999999        1134.8154009203506     
   3.7000000000000002        1130.2761393166693     
   3.7100000000000000        1125.7550347594026     
   3.7200000000000002        1121.2520146203651     
   3.7300000000000000        1116.7670065618836     
   3.7400000000000002        1112.2999385356361     
   3.7500000000000000        1107.8507387814936     
   3.7600000000000002        1103.4193358263676     
   3.7700000000000000        1099.0056584830622     
   3.7800000000000002        1094.6096358491300     
   3.7900000000000000        1090.2311973057335     
   3.8000000000000003        1085.8702725165106     
   3.8100000000000001        1081.5267914264446     
   3.8200000000000003        1077.2006842607389     
   3.8300000000000001        1072.8918815236959     
   3.8399999999999999        1068.6003139976012     
   3.8500000000000001        1064.3259127416109     
   3.8599999999999999        1060.0686090906445     
   3.8700000000000001        1055.8283346542819     
   3.8799999999999999        1051.6050213156648     
   3.8900000000000001        1047.3986012304022     
   3.8999999999999999        1043.2090068254806     
   3.9100000000000001        1039.0361707981788     
   3.9199999999999999        1034.8800261149861     
   3.9300000000000002        1030.7405060105261     
   3.9399999999999999        1026.6175439864840     
   3.9500000000000002        1022.5110738105381     
   3.9600000000000000        1018.4210295152959     
   3.9700000000000002        1014.3473453972347     
   3.9800000000000000        1010.2899560156458     
   3.9900000000000002        1006.2487961915832     
   4.0000000000000000        1002.2238010068169     
   4.0099999999999998        998.21490580278964     
   4.0200000000000005        994.22204617957846     
   4.0300000000000002        990.24515799486016     
   4.0400000000000000        986.28417736288077     
   4.0499999999999998        982.33904065342927     
   4.0600000000000005        978.40968449081549     
   4.0700000000000003        974.49604575285218     
   4.0800000000000001        970.59806156984075     
   4.0899999999999999        966.71566932356143     
   4.0999999999999996        962.84880664626724     
   4.1100000000000003        958.99741141968218     
   4.1200000000000001        955.16142177400343     
   4.1299999999999999        951.34077608690745     
   4.1399999999999997        947.53541298255982     
   4.1500000000000004        943.74527133062963     
   4.1600000000000001        939.97029024530707     
   4.1699999999999999        936.21040908432587     
   4.1799999999999997        932.46556744798852     
   4.1900000000000004        928.73570517819655     
   4.2000000000000002        925.02076235748382     
   4.2100000000000000        921.32067930805385     
   4.2199999999999998        917.63539659082164     
   4.2300000000000004        913.96485500445840     
   4.2400000000000002        910.30899558444059     
   4.2500000000000000        906.66775960210282     
   4.2599999999999998        903.04108856369442     
   4.2700000000000005        899.42892420943963     
   4.2800000000000002        895.83120851260185     
   4.2900000000000000        892.24788367855149     
   4.2999999999999998        888.67889214383729     
   4.3100000000000005        885.12417657526191     
   4.3200000000000003        881.58367986896087     
   4.3300000000000001        878.05734514948506     
   4.3399999999999999        874.54511576888717     
   4.3500000000000005        871.04693530581164     
   4.3600000000000003        867.56274756458845     
   4.3700000000000001        864.09249657433008     
   4.3799999999999999        860.63612658803277     
   4.3899999999999997        857.19358208168069     
   4.4000000000000004        853.76480775335392     
   4.4100000000000001        850.34974852234052     
   4.4199999999999999        846.94834952825113     
   4.4299999999999997        843.56055613013814     
   4.4400000000000004        840.18631390561757     
   4.4500000000000002        836.82556864999515     
   4.4600000000000000        833.47826637539515     
   4.4699999999999998        830.14435330989352     
   4.4800000000000004        826.82377589665396     
   4.4900000000000002        823.51648079306733     
   4.5000000000000000        820.22241486989503     
   4.5099999999999998        816.94152521041542     
   4.5200000000000005        813.67375910957378     
   4.5300000000000002        810.41906407313547     
   4.5400000000000000        807.17738781684295     
   4.5499999999999998        803.94867826557561     
   4.5600000000000005        800.73288355251327     
   4.5700000000000003        797.52995201830322     
   4.5800000000000001        794.33983221023004     
   4.5899999999999999        791.16247288138914     
   4.6000000000000005        787.99782298986361     
   4.6100000000000003        784.84583169790415     
   4.6200000000000001        781.70644837111251     
   4.6299999999999999        778.57962257762802     
   4.6399999999999997        775.46530408731746     
   4.6500000000000004        772.36344287096824     
   4.6600000000000001        769.27398909948442     
   4.6699999999999999        766.19689314308653     
   4.6799999999999997        763.13210557051423     
   4.6900000000000004        760.07957714823215     
   4.7000000000000002        757.03925883963927     
   4.7100000000000000        754.01110180428077     
   4.7199999999999998        750.99505739706365     
   4.7300000000000004        747.99107716747540     
   4.7400000000000002        744.99911285880546     
   4.7500000000000000        742.01911640737023     
   4.7599999999999998        739.05103994174078     
   4.7700000000000005        736.09483578197387     
   4.7800000000000002        733.15045643884594     
   4.7900000000000000        730.21785461309059     
   4.7999999999999998        727.29698319463819     
   4.8100000000000005        724.38779526185965     
   4.8200000000000003        721.49024408081220     
   4.8300000000000001        718.60428310448890     
   4.8399999999999999        715.72986597207091     
   4.8500000000000005        712.86694650818265     
   4.8600000000000003        710.01547872214996     
   4.8700000000000001        707.17541680726140     
   4.8799999999999999        704.34671514003230     
   4.8899999999999997        701.52932827947222     
   4.9000000000000004        698.72321096635437     
   4.9100000000000001        695.92831812248892     
   4.9199999999999999        693.14460484999893     
   4.9299999999999997        690.37202643059891     
   4.9400000000000004        687.61053832487653     
   4.9500000000000002        684.86009617157697     
   4.9600000000000000        682.12065578689067     
   4.9699999999999998        679.39217316374311     
   4.9800000000000004        676.67460447108817     
   4.9900000000000002        673.96790605320382     
   5.0000000000000000        671.27203442899099     
   5.0099999999999998        668.58694629127501     
   5.0200000000000005        665.91259850610993     
   5.0300000000000002        663.24894811208549     
   5.0400000000000000        660.59595231963715     
   5.0499999999999998        657.95356851035865     
   5.0600000000000005        655.32175423631725     
   5.0700000000000003        652.70046721937194     
   5.0800000000000001        650.08966535049444     
   5.0899999999999999        647.48930668909247     
   5.1000000000000005        644.89934946233609     
   5.1100000000000003        642.31975206448669     
   5.1200000000000001        639.75047305622877     
   5.1299999999999999        637.19147116400381     
   5.1399999999999997        634.64270527934775     
   5.1500000000000004        632.10413445823031     
   5.1600000000000001        629.57571792039744     
   5.1699999999999999        627.05741504871582     
   5.1799999999999997        624.54918538852098     
   5.1900000000000004        622.05098864696686     
   5.2000000000000002        619.56278469237895     
   5.2100000000000000        617.08453355360939     
   5.2199999999999998        614.61619541939490     
   5.2300000000000004        612.15773063771735     
   5.2400000000000002        609.70909971516653     
   5.2500000000000000        607.27026331630589     
   5.2599999999999998        604.84118226304065     
   5.2700000000000005        602.42181753398847     
   5.2800000000000002        600.01213026385255     
   5.2900000000000000        597.61208174279716     
   5.2999999999999998        595.22163341582598     
   5.3100000000000005        592.84074688216265     
   5.3200000000000003        590.46938389463401     
   5.3300000000000001        588.10750635905549     
   5.3399999999999999        585.75507633361929     
   5.3500000000000005        583.41205602828484     
   5.3600000000000003        581.07840780417166     
   5.3700000000000001        578.75409417295498     
   5.3799999999999999        576.43907779626318     
   5.3899999999999997        574.13332148507811     
   5.4000000000000004        571.83678819913780     
   5.4100000000000001        569.54944104634126     
   5.4199999999999999        567.27124328215587     
   5.4299999999999997        565.00215830902721     
   5.4400000000000004        562.74214967579110     
   5.4500000000000002        560.49118107708796     
   5.4600000000000000        558.24921635277963     
   5.4699999999999998        556.01621948736852     
   5.4800000000000004        553.79215460941907     
   5.4900000000000002        551.57698599098137     
   5.5000000000000000        549.37067804701746     
   5.5099999999999998        547.17319533482942     
   5.5200000000000005        544.98450255349007     
   5.5300000000000002        542.80456454327611     
   5.5400000000000000        540.63334628510302     
   5.5499999999999998        538.47081289996265     
   5.5600000000000005        536.31692964836282     
   5.5700000000000003        534.17166192976936     
   5.5800000000000001        532.03497528205025     
   5.5899999999999999        529.90683538092208     
   5.6000000000000005        527.78720803939837     
   5.6100000000000003        525.67605920724077     
   5.6200000000000001        523.57335497041186     
   5.6299999999999999        521.47906155053022     
   5.6399999999999997        519.39314530432807     
   5.6500000000000004        517.31557272311079     
   5.6600000000000001        515.24631043221837     
   5.6699999999999999        513.18532519048949     
   5.6799999999999997        511.13258388972753     
   5.6900000000000004        509.08805355416860     
   5.7000000000000002        507.05170133995193     
   5.7100000000000000        505.02349453459215     
   5.7199999999999998        503.00340055645376     
   5.7300000000000004        500.99138695422795     
   5.7400000000000002        498.98742140641104     
   5.7500000000000000        496.99147172078540     
   5.7599999999999998        495.00350583390224     
   5.7700000000000005        493.02349181056661     
   5.7800000000000002        491.05139784332437     
   5.7900000000000000        489.08719225195108     
   5.7999999999999998        487.13084348294325     
   5.8100000000000005        485.18232010901147     
   5.8200000000000003        483.24159082857540     
   5.8300000000000001        481.30862446526112     
   5.8399999999999999        479.38338996740009     
   5.8500000000000005        477.46585640753051     
   5.8600000000000003        475.55599298190037     
   5.8700000000000001        473.65376900997279     
   5.8799999999999999        471.75915393393291     
   5.8899999999999997        469.87211731819718     
   5.9000000000000004        467.99262884892437     
   5.9100000000000001        466.12065833352870     
   5.9199999999999999        464.25617570019460     
   5.9299999999999997        462.39915099739380     
   5.9400000000000004        460.54955439340421     
   5.9500000000000002        458.70735617583057     
   5.9600000000000000        456.87252675112722     
   5.9699999999999998        455.04503664412272     
   5.9800000000000004        453.22485649754623     
   5.9900000000000002        451.41195707155606     
   6.0000000000000000        449.60630924326983     
   6.0099999999999998        447.80788400629677     
   6.0200000000000005        446.01665247027159     
   6.0300000000000002        444.23258586039049     
   6.0400000000000000        442.45565551694892     
   6.0499999999999998        440.68583289488112     
   6.0600000000000005        438.92308956330157     
   6.0700000000000003        437.16739720504836     
   6.0800000000000001        435.41872761622818     
   6.0899999999999999        433.67705270576329     
   6.1000000000000005        431.94234449494024     
   6.1100000000000003        430.21457511696048     
   6.1200000000000001        428.49371681649262     
   6.1299999999999999        426.77974194922666     
   6.1400000000000006        425.07262298142973     
   6.1500000000000004        423.37233248950400     
   6.1600000000000001        421.67884315954598     
   6.1699999999999999        419.99212778690782     
   6.1799999999999997        418.31215927576017     
   6.1900000000000004        416.63891063865714     
   6.2000000000000002        414.97235499610252     
   6.2100000000000000        413.31246557611809     
   6.2199999999999998        411.65921571381364     
   6.2300000000000004        410.01257885095839     
   6.2400000000000002        408.37252853555458     
   6.2500000000000000        406.73903842141237     
   6.2599999999999998        405.11208226772675     
   6.2700000000000005        403.49163393865587     
   6.2800000000000002        401.87766740290124     
   6.2900000000000000        400.27015673328964     
   6.2999999999999998        398.66907610635650     
   6.3100000000000005        397.07439980193107     
   6.3200000000000003        395.48610220272332     
   6.3300000000000001        393.90415779391242     
   6.3399999999999999        392.32854116273677     
   6.3500000000000005        390.75922699808581     
   6.3600000000000003        389.19619009009347     
   6.3700000000000001        387.63940532973311     
   6.3799999999999999        386.08884770841416     
   6.3900000000000006        384.54449231758053     
   6.4000000000000004        383.00631434831018     
   6.4100000000000001        381.47428909091695     
   6.4199999999999999        379.94839193455329     
   6.4299999999999997        378.42859836681509     
   6.4400000000000004        376.91488397334786     
   6.4500000000000002        375.40722443745449     
   6.4600000000000000        373.90559553970468     
   6.4699999999999998        372.40997315754583     
   6.4800000000000004        370.92033326491566     
   6.4900000000000002        369.43665193185598     
   6.5000000000000000        367.95890532412858     
   6.5099999999999998        366.48706970283206     
   6.5200000000000005        365.02112142402075     
   6.5300000000000002        363.56103693832466     
   6.5400000000000000        362.10679279057138     
   6.5499999999999998        360.65836561940910     
   6.5600000000000005        359.21573215693144     
   6.5700000000000003        357.77886922830373     
   6.5800000000000001        356.34775375139054     
   6.5899999999999999        354.92236273638497     
   6.6000000000000005        353.50267328543941     
   6.6100000000000003        352.08866259229768     
   6.6200000000000001        350.68030794192850     
   6.6299999999999999        349.27758671016079     
   6.6400000000000006        347.88047636332016     
   6.6500000000000004        346.48895445786690     
   6.6600000000000001        345.10299864003542     
   6.6699999999999999        343.72258664547530     
   6.6799999999999997        342.34769629889342     
   6.6900000000000004        340.97830551369788     
   6.7000000000000002        339.61439229164307     
   6.7100000000000000        338.25593472247652     
   6.7199999999999998        336.90291098358659     
   6.7300000000000004        335.55529933965227     
   6.7400000000000002        334.21307814229368     
   6.7500000000000000        332.87622582972449     
   6.7599999999999998        331.54472092640560     
   6.7700000000000005        330.21854204269999     
   6.7800000000000002        328.89766787452919     
   6.7900000000000000        327.58207720303108     
   6.7999999999999998        326.27174889421894     
   6.8100000000000005        324.96666189864209     
   6.8200000000000003        323.66679525104752     
   6.8300000000000001        322.37212807004335     
   6.8399999999999999        321.08263955776317     
   6.8500000000000005        319.79830899953214     
   6.8600000000000003        318.51911576353399     
   6.8700000000000001        317.24503930047985     
   6.8799999999999999        315.97605914327795     
   6.8900000000000006        314.71215490670482     
   6.9000000000000004        313.45330628707802     
   6.9100000000000001        312.19949306192973     
   6.9199999999999999        310.95069508968203     
   6.9299999999999997        309.70689230932328     
   6.9400000000000004        308.46806474008599     
   6.9500000000000002        307.23419248112566     
   6.9600000000000000        306.00525571120113     
   6.9699999999999998        304.78123468835634     
   6.9800000000000004        303.56210974960288     
   6.9900000000000002        302.34786131060446     
   7.0000000000000000        301.13846986536203     
   7.0099999999999998        299.93391598590057     
   7.0200000000000005        298.73418032195696     
   7.0300000000000002        297.53924360066912     
   7.0400000000000000        296.34908662626646     
   7.0499999999999998        295.16369027976140     
   7.0600000000000005        293.98303551864234     
   7.0700000000000003        292.80710337656780     
   7.0800000000000001        291.63587496306150     
   7.0899999999999999        290.46933146320924     
   7.1000000000000005        289.30745413735639     
   7.1100000000000003        288.15022432080696     
   7.1200000000000001        286.99762342352375     
   7.1299999999999999        285.84963292982968     
   7.1400000000000006        284.70623439811038     
   7.1500000000000004        283.56740946051792     
   7.1600000000000001        282.43313982267586     
   7.1699999999999999        281.30340726338517     
   7.1799999999999997        280.17819363433165     
   7.1900000000000004        279.05748085979434     
   7.2000000000000002        277.94125093635517     
   7.2100000000000000        276.82948593260977     
   7.2199999999999998        275.72216798887933     
   7.2300000000000004        274.61927931692384     
   7.2400000000000002        273.52080219965615     
   7.2500000000000000        272.42671899085752     
   7.2599999999999998        271.33701211489409     
   7.2700000000000005        270.25166406643450     
   7.2800000000000002        269.17065741016876     
   7.2900000000000000        268.09397478052807     
   7.2999999999999998        267.02159888140596     
   7.3100000000000005        265.95351248588037     
   7.3200000000000003        264.88969843593685     
   7.3300000000000001        263.83013964219310     
   7.3399999999999999        262.77481908362432     
   7.3500000000000005        261.72371980728985     
   7.3600000000000003        260.67682492806068     
   7.3700000000000001        259.63411762834846     
   7.3799999999999999        258.59558115783506     
   7.3900000000000006        257.56119883320372     
   7.4000000000000004        256.53095403787091     
   7.4100000000000001        255.50483022171943     
   7.4199999999999999        254.48281090083256     
   7.4299999999999997        253.46487965722923     
   7.4400000000000004        252.45102013860031     
   7.4500000000000002        251.44121605804591     
   7.4600000000000000        250.43545119381372     
   7.4699999999999998        249.43370938903846     
   7.4800000000000004        248.43597455148230     
   7.4900000000000002        247.44223065327637     
   7.5000000000000000        246.45246173066326     
   7.5099999999999998        245.46665188374061     
   7.5200000000000005        244.48478527620566     
   7.5300000000000002        243.50684613510083     
   7.5400000000000000        242.53281875056044     
   7.5499999999999998        241.56268747555819     
   7.5600000000000005        240.59643672565596     
   7.5700000000000003        239.63405097875335     
   7.5800000000000001        238.67551477483835     
   7.5899999999999999        237.72081271573899     
   7.6000000000000005        236.76992946487604     
   7.6100000000000003        235.82284974701653     
   7.6200000000000001        234.87955834802847     
   7.6299999999999999        233.94004011463636     
   7.6400000000000006        233.00427995417780     
   7.6500000000000004        232.07226283436108     
   7.6600000000000001        231.14397378302363     
   7.6699999999999999        230.21939788789152     
   7.6799999999999997        229.29852029633994     
   7.6900000000000004        228.38132621515459     
   7.7000000000000002        227.46780091029396     
   7.7100000000000000        226.55792970665277     
   7.7199999999999998        225.65169798782617     
   7.7300000000000004        224.74909119587485     
   7.7400000000000002        223.85009483109135     
   7.7500000000000000        222.95469445176698     
   7.7599999999999998        222.06287567395992     
   7.7700000000000005        221.17462417126407     
   7.7800000000000002        220.28992567457902     
   7.7900000000000000        219.40876597188071     
   7.7999999999999998        218.53113090799320     
   7.8100000000000005        217.65700638436124     
   7.8200000000000003        216.78637835882378     
   7.8300000000000001        215.91923284538848     
   7.8399999999999999        215.05555591400693     
   7.8500000000000005        214.19533369035091     
   7.8600000000000003        213.33855235558951     
   7.8700000000000001        212.48519814616716     
   7.8799999999999999        211.63525735358249     
   7.8900000000000006        210.78871632416815     
   7.9000000000000004        209.94556145887148     
   7.9100000000000001        209.10577921303599     
   7.9199999999999999        208.26935609618386     
   7.9300000000000006        207.43627867179913     
   7.9400000000000004        206.60653355711193     
   7.9500000000000002        205.78010742288348     
   7.9600000000000000        204.95698699319195     
   7.9699999999999998        204.13715904521919     
   7.9800000000000004        203.32061040903832     
   7.9900000000000002        202.50732796740218     
   8.0000000000000000        201.69729865553256     
   8.0099999999999998        200.89050946091044     
   8.0199999999999996        200.08694742306679     
   8.0299999999999994        199.28659963337452     
   8.0400000000000009        198.48945323484102     
   8.0500000000000007        197.69549542190165     
   8.0600000000000005        196.90471344021404     
   8.0700000000000003        196.11709458645319     
   8.0800000000000001        195.33262620810737     
   8.0899999999999999        194.55129570327495     
   8.0999999999999996        193.77309052046184     
   8.1099999999999994        192.99799815838000     
   8.1200000000000010        192.22600616574647     
   8.1300000000000008        191.45710214108348     
   8.1400000000000006        190.69127373251914     
   8.1500000000000004        189.92850863758906     
   8.1600000000000001        189.16879460303869     
   8.1699999999999999        188.41211942462652     
   8.1799999999999997        187.65847094692802     
   8.1899999999999995        186.90783706314031     
   8.1999999999999993        186.16020571488775     
   8.2100000000000009        185.41556489202821     
   8.2200000000000006        184.67390263246011     
   8.2300000000000004        183.93520702193027     
   8.2400000000000002        183.19946619384254     
   8.2500000000000000        182.46666832906718     
   8.2599999999999998        181.73680165575090     
   8.2699999999999996        181.00985444912789     
   8.2799999999999994        180.28581503133137     
   8.2900000000000009        179.56467177120604     
   8.3000000000000007        178.84641308412122     
   8.3100000000000005        178.13102743178473     
   8.3200000000000003        177.41850332205760     
   8.3300000000000001        176.70882930876937     
   8.3399999999999999        176.00199399153428     
   8.3499999999999996        175.29798601556814     
   8.3599999999999994        174.59679407150588     
   8.3700000000000010        173.89840689521986     
   8.3800000000000008        173.20281326763899     
   8.3900000000000006        172.51000201456844     
   8.4000000000000004        171.81996200651017     
   8.4100000000000001        171.13268215848413     
   8.4199999999999999        170.44815142985018     
   8.4299999999999997        169.76635882413078     
   8.4399999999999995        169.08729338883424     
   8.4499999999999993        168.41094421527890     
   8.4600000000000009        167.73730043841778     
   8.4700000000000006        167.06635123666410     
   8.4800000000000004        166.39808583171745     
   8.4900000000000002        165.73249348839059     
   8.5000000000000000        165.06956351443702     
   8.5099999999999998        164.40928526037928     
   8.5199999999999996        163.75164811933777     
   8.5299999999999994        163.09664152686042     
   8.5400000000000009        162.44425496075297     
   8.5500000000000007        161.79447794090996     
   8.5600000000000005        161.14730002914632     
   8.5700000000000003        160.50271082902972     
   8.5800000000000001        159.86069998571361     
   8.5899999999999999        159.22125718577075     
   8.5999999999999996        158.58437215702767     
   8.6099999999999994        157.95003466839955     
   8.6200000000000010        157.31823452972594     
   8.6300000000000008        156.68896159160704     
   8.6400000000000006        156.06220574524062     
   8.6500000000000004        155.43795692225964     
   8.6600000000000001        154.81620509457062     
   8.6699999999999999        154.19694027419234     
   8.6799999999999997        153.58015251309558     
   8.6899999999999995        152.96583190304321     
   8.7000000000000011        152.35396857543103     
   8.7100000000000009        151.74455270112929     
   8.7200000000000006        151.13757449032477     
   8.7300000000000004        150.53302419236346     
   8.7400000000000002        149.93089209559400     
   8.7500000000000000        149.33116852721162     
   8.7599999999999998        148.73384385310277     
   8.7699999999999996        148.13890847769036     
   8.7799999999999994        147.54635284377960     
   8.7900000000000009        146.95616743240447     
   8.8000000000000007        146.36834276267484     
   8.8100000000000005        145.78286939162413     
   8.8200000000000003        145.19973791405764     
   8.8300000000000001        144.61893896240142     
   8.8399999999999999        144.04046320655181     
   8.8499999999999996        143.46430135372560     
   8.8599999999999994        142.89044414831071     
   8.8700000000000010        142.31888237171745     
   8.8800000000000008        141.74960684223058     
   8.8900000000000006        141.18260841486165     
   8.9000000000000004        140.61787798120221     
   8.9100000000000001        140.05540646927741     
   8.9199999999999999        139.49518484340030     
   8.9299999999999997        138.93720410402670     
   8.9399999999999995        138.38145528761061     
   8.9500000000000011        137.82792946646018     
   8.9600000000000009        137.27661774859433     
   8.9700000000000006        136.72751127759994     
   8.9800000000000004        136.18060123248955     
   8.9900000000000002        135.63587882755959     
   9.0000000000000000        135.09333531224937     
   9.0099999999999998        134.55296197100037     
   9.0199999999999996        134.01475012311636     
   9.0299999999999994        133.47869112262390     
   9.0400000000000009        132.94477635813340     
   9.0500000000000007        132.41299725270088     
   9.0600000000000005        131.88334526369007     
   9.0700000000000003        131.35581188263532     
   9.0800000000000001        130.83038863510478     
   9.0899999999999999        130.30706708056437     
   9.0999999999999996        129.78583881224210     
   9.1099999999999994        129.26669545699315     
   9.1200000000000010        128.74962867516518     
   9.1300000000000008        128.23463016046452     
   9.1400000000000006        127.72169163982267     
   9.1500000000000004        127.21080487326337     
   9.1600000000000001        126.70196165377031     
   9.1699999999999999        126.19515380715524     
   9.1799999999999997        125.69037319192661     
   9.1899999999999995        125.18761169915891     
   9.2000000000000011        124.68686125236228     
   9.2100000000000009        124.18811380735283     
   9.2200000000000006        123.69136135212342     
   9.2300000000000004        123.19659590671493     
   9.2400000000000002        122.70380952308807     
   9.2500000000000000        122.21299428499572     
   9.2599999999999998        121.72414230785573     
   9.2699999999999996        121.23724573862431     
   9.2799999999999994        120.75229675566982     
   9.2900000000000009        120.26928756864714     
   9.3000000000000007        119.78821041837256     
   9.3100000000000005        119.30905757669906     
   9.3200000000000003        118.83182134639226     
   9.3300000000000001        118.35649406100669     
   9.3399999999999999        117.88306808476266     
   9.3499999999999996        117.41153581242361     
   9.3599999999999994        116.94188966917392     
   9.3700000000000010        116.47412211049722     
   9.3800000000000008        116.00822562205524     
   9.3900000000000006        115.54419271956701     
   9.4000000000000004        115.08201594868873     
   9.4100000000000001        114.62168788489397     
   9.4199999999999999        114.16320113335439     
   9.4299999999999997        113.70654832882097     
   9.4399999999999995        113.25172213550569     
   9.4500000000000011        112.79871524696367     
   9.4600000000000009        112.34752038597581     
   9.4700000000000006        111.89813030443192     
   9.4800000000000004        111.45053778321419     
   9.4900000000000002        111.00473563208133     
   9.5000000000000000        110.56071668955300     
   9.5099999999999998        110.11847382279480     
   9.5199999999999996        109.67799992750362     
   9.5299999999999994        109.23928792779361     
   9.5400000000000009        108.80233077608244     
   9.5500000000000007        108.36712145297811     
   9.5600000000000005        107.93365296716620     
   9.5700000000000003        107.50191835529753     
   9.5800000000000001        107.07191068187635     
   9.5899999999999999        106.64362303914884     
   9.5999999999999996        106.21704854699225     
   9.6099999999999994        105.79218035280428     
   9.6200000000000010        105.36901163139306     
   9.6300000000000008        104.94753558486750     
   9.6400000000000006        104.52774544252803     
   9.6500000000000004        104.10963446075792     
   9.6600000000000001        103.69319592291488     
   9.6699999999999999        103.27842313922322     
   9.6799999999999997        102.86530944666633     
   9.6899999999999995        102.45384820887966     
   9.7000000000000011        102.04403281604415     
   9.7100000000000009        101.63585668477998     
   9.7200000000000006        101.22931325804086     
   9.7300000000000004        100.82439600500869     
   9.7400000000000002        100.42109842098866     
   9.7500000000000000        100.01941402730471     
   9.7599999999999998        99.619336371195487     
   9.7699999999999996        99.220859025710709     
   9.7799999999999994        98.823975589607869     
   9.7900000000000009        98.428679687249442     
   9.8000000000000007        98.034964968500447     
   9.8100000000000005        97.642825108626440     
   9.8200000000000003        97.252253808191938     
   9.8300000000000001        96.863244792959165     
   9.8399999999999999        96.475791813787325     
   9.8499999999999996        96.089888646532174     
   9.8599999999999994        95.705529091946048     
   9.8700000000000010        95.322706975578257     
   9.8800000000000008        94.941416147675938     
   9.8900000000000006        94.561650483085231     
   9.9000000000000004        94.183403881152884     
   9.9100000000000001        93.806670265628270     
   9.9199999999999999        93.431443584565756     
   9.9299999999999997        93.057717810227487     
   9.9399999999999995        92.685486938986571     
   9.9500000000000011        92.314744991230626     
   9.9600000000000009        91.945486011265700     
   9.9700000000000006        91.577704067220637     
   9.9800000000000004        91.211393250951758     
   9.9900000000000002        90.846547677947953     
   10.000000000000000        90.483161487236160     
