   0.0000000000000000        4972.0000000000000     
   9.9999997764825821E-003   4954.0000000000000     
   1.9999999552965164E-002   4935.0000000000000     
   2.9999999329447746E-002   4921.0000000000000     
   3.9999999105930328E-002   4906.0000000000000     
   4.9999998882412910E-002   4888.0000000000000     
   5.9999998658895493E-002   4873.0000000000000     
   6.9999998435378075E-002   4855.0000000000000     
   7.9999998211860657E-002   4834.0000000000000     
   8.9999997988343239E-002   4814.0000000000000     
   9.9999997764825821E-002   4792.0000000000000     
  0.10999999754130840        4777.0000000000000     
  0.11999999731779099        4748.0000000000000     
  0.12999999709427357        4726.0000000000000     
  0.13999999687075615        4706.0000000000000     
  0.14999999664723873        4688.0000000000000     
  0.15999999642372131        4669.0000000000000     
  0.16999999620020390        4655.0000000000000     
  0.17999999597668648        4638.0000000000000     
  0.18999999575316906        4612.0000000000000     
  0.19999999552965164        4591.0000000000000     
  0.20999999530613422        4568.0000000000000     
  0.21999999508261681        4551.0000000000000     
  0.22999999485909939        4539.0000000000000     
  0.23999999463558197        4525.0000000000000     
  0.24999999441206455        4511.0000000000000     
  0.25999999418854713        4499.0000000000000     
  0.26999999396502972        4482.0000000000000     
  0.27999999374151230        4462.0000000000000     
  0.28999999351799488        4442.0000000000000     
  0.29999999329447746        4427.0000000000000     
  0.30999999307096004        4411.0000000000000     
  0.31999999284744263        4399.0000000000000     
  0.32999999262392521        4389.0000000000000     
  0.33999999240040779        4376.0000000000000     
  0.34999999217689037        4365.0000000000000     
  0.35999999195337296        4345.0000000000000     
  0.36999999172985554        4331.0000000000000     
  0.37999999150633812        4308.0000000000000     
  0.38999999128282070        4293.0000000000000     
  0.39999999105930328        4279.0000000000000     
  0.40999999083578587        4262.0000000000000     
  0.41999999061226845        4244.0000000000000     
  0.42999999038875103        4230.0000000000000     
  0.43999999016523361        4208.0000000000000     
  0.44999998994171619        4192.0000000000000     
  0.45999998971819878        4179.0000000000000     
  0.46999998949468136        4160.0000000000000     
  0.47999998927116394        4151.0000000000000     
  0.48999998904764652        4129.0000000000000     
  0.49999998882412910        4118.0000000000000     
  0.50999998860061169        4103.0000000000000     
  0.51999998837709427        4088.0000000000000     
  0.52999998815357685        4065.0000000000000     
  0.53999998793005943        4045.0000000000000     
  0.54999998770654202        4034.0000000000000     
  0.55999998748302460        4022.0000000000000     
  0.56999998725950718        4009.0000000000000     
  0.57999998703598976        3990.0000000000000     
  0.58999998681247234        3976.0000000000000     
  0.59999998658895493        3959.0000000000000     
  0.60999998636543751        3941.0000000000000     
  0.61999998614192009        3928.0000000000000     
  0.62999998591840267        3914.0000000000000     
  0.63999998569488525        3894.0000000000000     
  0.64999998547136784        3882.0000000000000     
  0.65999998524785042        3861.0000000000000     
  0.66999998502433300        3841.0000000000000     
  0.67999998480081558        3820.0000000000000     
  0.68999998457729816        3806.0000000000000     
  0.69999998435378075        3781.0000000000000     
  0.70999998413026333        3763.0000000000000     
  0.71999998390674591        3747.0000000000000     
  0.72999998368322849        3733.0000000000000     
  0.73999998345971107        3708.0000000000000     
  0.74999998323619366        3689.0000000000000     
  0.75999998301267624        3673.0000000000000     
  0.76999998278915882        3654.0000000000000     
  0.77999998256564140        3637.0000000000000     
  0.78999998234212399        3623.0000000000000     
  0.79999998211860657        3607.0000000000000     
  0.80999998189508915        3592.0000000000000     
  0.81999998167157173        3572.0000000000000     
  0.82999998144805431        3563.0000000000000     
  0.83999998122453690        3549.0000000000000     
  0.84999998100101948        3534.0000000000000     
  0.85999998077750206        3505.0000000000000     
  0.86999998055398464        3499.0000000000000     
  0.87999998033046722        3484.0000000000000     
  0.88999998010694981        3473.0000000000000     
  0.89999997988343239        3461.0000000000000     
  0.90999997965991497        3450.0000000000000     
  0.91999997943639755        3433.0000000000000     
  0.92999997921288013        3416.0000000000000     
  0.93999997898936272        3399.0000000000000     
  0.94999997876584530        3390.0000000000000     
  0.95999997854232788        3377.0000000000000     
  0.96999997831881046        3367.0000000000000     
  0.97999997809529305        3355.0000000000000     
  0.98999997787177563        3342.0000000000000     
  0.99999997764825821        3327.0000000000000     
   1.0099999774247408        3320.0000000000000     
   1.0199999772012234        3308.0000000000000     
   1.0299999769777060        3297.0000000000000     
   1.0399999767541885        3289.0000000000000     
   1.0499999765306711        3278.0000000000000     
   1.0599999763071537        3265.0000000000000     
   1.0699999760836363        3255.0000000000000     
   1.0799999758601189        3240.0000000000000     
   1.0899999756366014        3232.0000000000000     
   1.0999999754130840        3217.0000000000000     
   1.1099999751895666        3204.0000000000000     
   1.1199999749660492        3183.0000000000000     
   1.1299999747425318        3171.0000000000000     
   1.1399999745190144        3158.0000000000000     
   1.1499999742954969        3143.0000000000000     
   1.1599999740719795        3126.0000000000000     
   1.1699999738484621        3108.0000000000000     
   1.1799999736249447        3093.0000000000000     
   1.1899999734014273        3080.0000000000000     
   1.1999999731779099        3070.0000000000000     
   1.2099999729543924        3055.0000000000000     
   1.2199999727308750        3041.0000000000000     
   1.2299999725073576        3029.0000000000000     
   1.2399999722838402        3018.0000000000000     
   1.2499999720603228        3004.0000000000000     
   1.2599999718368053        2990.0000000000000     
   1.2699999716132879        2976.0000000000000     
   1.2799999713897705        2963.0000000000000     
   1.2899999711662531        2950.0000000000000     
   1.2999999709427357        2939.0000000000000     
   1.3099999707192183        2925.0000000000000     
   1.3199999704957008        2918.0000000000000     
   1.3299999702721834        2909.0000000000000     
   1.3399999700486660        2897.0000000000000     
   1.3499999698251486        2888.0000000000000     
   1.3599999696016312        2881.0000000000000     
   1.3699999693781137        2865.0000000000000     
   1.3799999691545963        2855.0000000000000     
   1.3899999689310789        2846.0000000000000     
   1.3999999687075615        2839.0000000000000     
   1.4099999684840441        2825.0000000000000     
   1.4199999682605267        2814.0000000000000     
   1.4299999680370092        2802.0000000000000     
   1.4399999678134918        2791.0000000000000     
   1.4499999675899744        2783.0000000000000     
   1.4599999673664570        2769.0000000000000     
   1.4699999671429396        2755.0000000000000     
   1.4799999669194221        2744.0000000000000     
   1.4899999666959047        2738.0000000000000     
   1.4999999664723873        2731.0000000000000     
   1.5099999662488699        2722.0000000000000     
   1.5199999660253525        2710.0000000000000     
   1.5299999658018351        2703.0000000000000     
   1.5399999655783176        2690.0000000000000     
   1.5499999653548002        2680.0000000000000     
   1.5599999651312828        2666.0000000000000     
   1.5699999649077654        2649.0000000000000     
   1.5799999646842480        2640.0000000000000     
   1.5899999644607306        2624.0000000000000     
   1.5999999642372131        2617.0000000000000     
   1.6099999640136957        2608.0000000000000     
   1.6199999637901783        2597.0000000000000     
   1.6299999635666609        2592.0000000000000     
   1.6399999633431435        2580.0000000000000     
   1.6499999631196260        2566.0000000000000     
   1.6599999628961086        2554.0000000000000     
   1.6699999626725912        2544.0000000000000     
   1.6799999624490738        2538.0000000000000     
   1.6899999622255564        2528.0000000000000     
   1.6999999620020390        2516.0000000000000     
   1.7099999617785215        2510.0000000000000     
   1.7199999615550041        2497.0000000000000     
   1.7299999613314867        2487.0000000000000     
   1.7399999611079693        2480.0000000000000     
   1.7499999608844519        2465.0000000000000     
   1.7599999606609344        2451.0000000000000     
   1.7699999604374170        2447.0000000000000     
   1.7799999602138996        2442.0000000000000     
   1.7899999599903822        2437.0000000000000     
   1.7999999597668648        2431.0000000000000     
   1.8099999595433474        2422.0000000000000     
   1.8199999593198299        2413.0000000000000     
   1.8299999590963125        2403.0000000000000     
   1.8399999588727951        2395.0000000000000     
   1.8499999586492777        2384.0000000000000     
   1.8599999584257603        2372.0000000000000     
   1.8699999582022429        2359.0000000000000     
   1.8799999579787254        2344.0000000000000     
   1.8899999577552080        2331.0000000000000     
   1.8999999575316906        2322.0000000000000     
   1.9099999573081732        2312.0000000000000     
   1.9199999570846558        2298.0000000000000     
   1.9299999568611383        2290.0000000000000     
   1.9399999566376209        2280.0000000000000     
   1.9499999564141035        2272.0000000000000     
   1.9599999561905861        2260.0000000000000     
   1.9699999559670687        2251.0000000000000     
   1.9799999557435513        2241.0000000000000     
   1.9899999555200338        2233.0000000000000     
   1.9999999552965164        2222.0000000000000     
   2.0099999550729990        2210.0000000000000     
   2.0199999548494816        2198.0000000000000     
   2.0299999546259642        2188.0000000000000     
   2.0399999544024467        2179.0000000000000     
   2.0499999541789293        2168.0000000000000     
   2.0599999539554119        2159.0000000000000     
   2.0699999537318945        2150.0000000000000     
   2.0799999535083771        2143.0000000000000     
   2.0899999532848597        2134.0000000000000     
   2.0999999530613422        2129.0000000000000     
   2.1099999528378248        2120.0000000000000     
   2.1199999526143074        2115.0000000000000     
   2.1299999523907900        2106.0000000000000     
   2.1399999521672726        2099.0000000000000     
   2.1499999519437551        2092.0000000000000     
   2.1599999517202377        2084.0000000000000     
   2.1699999514967203        2072.0000000000000     
   2.1799999512732029        2061.0000000000000     
   2.1899999510496855        2057.0000000000000     
   2.1999999508261681        2044.0000000000000     
   2.2099999506026506        2036.0000000000000     
   2.2199999503791332        2031.0000000000000     
   2.2299999501556158        2023.0000000000000     
   2.2399999499320984        2016.0000000000000     
   2.2499999497085810        2005.0000000000000     
   2.2599999494850636        1993.0000000000000     
   2.2699999492615461        1983.0000000000000     
   2.2799999490380287        1975.0000000000000     
   2.2899999488145113        1968.0000000000000     
   2.2999999485909939        1958.0000000000000     
   2.3099999483674765        1955.0000000000000     
   2.3199999481439590        1946.0000000000000     
   2.3299999479204416        1937.0000000000000     
   2.3399999476969242        1928.0000000000000     
   2.3499999474734068        1914.0000000000000     
   2.3599999472498894        1905.0000000000000     
   2.3699999470263720        1896.0000000000000     
   2.3799999468028545        1888.0000000000000     
   2.3899999465793371        1879.0000000000000     
   2.3999999463558197        1872.0000000000000     
   2.4099999461323023        1857.0000000000000     
   2.4199999459087849        1847.0000000000000     
   2.4299999456852674        1845.0000000000000     
   2.4399999454617500        1837.0000000000000     
   2.4499999452382326        1829.0000000000000     
   2.4599999450147152        1818.0000000000000     
   2.4699999447911978        1809.0000000000000     
   2.4799999445676804        1800.0000000000000     
   2.4899999443441629        1792.0000000000000     
   2.4999999441206455        1784.0000000000000     
   2.5099999438971281        1780.0000000000000     
   2.5199999436736107        1775.0000000000000     
   2.5299999434500933        1767.0000000000000     
   2.5399999432265759        1762.0000000000000     
   2.5499999430030584        1754.0000000000000     
   2.5599999427795410        1745.0000000000000     
   2.5699999425560236        1739.0000000000000     
   2.5799999423325062        1736.0000000000000     
   2.5899999421089888        1730.0000000000000     
   2.5999999418854713        1725.0000000000000     
   2.6099999416619539        1716.0000000000000     
   2.6199999414384365        1704.0000000000000     
   2.6299999412149191        1695.0000000000000     
   2.6399999409914017        1691.0000000000000     
   2.6499999407678843        1684.0000000000000     
   2.6599999405443668        1679.0000000000000     
   2.6699999403208494        1671.0000000000000     
   2.6799999400973320        1666.0000000000000     
   2.6899999398738146        1658.0000000000000     
   2.6999999396502972        1652.0000000000000     
   2.7099999394267797        1640.0000000000000     
   2.7199999392032623        1636.0000000000000     
   2.7299999389797449        1627.0000000000000     
   2.7399999387562275        1623.0000000000000     
   2.7499999385327101        1615.0000000000000     
   2.7599999383091927        1607.0000000000000     
   2.7699999380856752        1605.0000000000000     
   2.7799999378621578        1601.0000000000000     
   2.7899999376386404        1595.0000000000000     
   2.7999999374151230        1587.0000000000000     
   2.8099999371916056        1581.0000000000000     
   2.8199999369680882        1576.0000000000000     
   2.8299999367445707        1571.0000000000000     
   2.8399999365210533        1564.0000000000000     
   2.8499999362975359        1555.0000000000000     
   2.8599999360740185        1545.0000000000000     
   2.8699999358505011        1537.0000000000000     
   2.8799999356269836        1531.0000000000000     
   2.8899999354034662        1526.0000000000000     
   2.8999999351799488        1517.0000000000000     
   2.9099999349564314        1511.0000000000000     
   2.9199999347329140        1506.0000000000000     
   2.9299999345093966        1498.0000000000000     
   2.9399999342858791        1494.0000000000000     
   2.9499999340623617        1489.0000000000000     
   2.9599999338388443        1483.0000000000000     
   2.9699999336153269        1481.0000000000000     
   2.9799999333918095        1474.0000000000000     
   2.9899999331682920        1467.0000000000000     
   2.9999999329447746        1456.0000000000000     
   3.0099999327212572        1451.0000000000000     
   3.0199999324977398        1445.0000000000000     
   3.0299999322742224        1437.0000000000000     
   3.0399999320507050        1431.0000000000000     
   3.0499999318271875        1431.0000000000000     
   3.0599999316036701        1426.0000000000000     
   3.0699999313801527        1417.0000000000000     
   3.0799999311566353        1415.0000000000000     
   3.0899999309331179        1411.0000000000000     
   3.0999999307096004        1408.0000000000000     
   3.1099999304860830        1404.0000000000000     
   3.1199999302625656        1396.0000000000000     
   3.1299999300390482        1392.0000000000000     
   3.1399999298155308        1386.0000000000000     
   3.1499999295920134        1378.0000000000000     
   3.1599999293684959        1373.0000000000000     
   3.1699999291449785        1367.0000000000000     
   3.1799999289214611        1364.0000000000000     
   3.1899999286979437        1357.0000000000000     
   3.1999999284744263        1355.0000000000000     
   3.2099999282509089        1350.0000000000000     
   3.2199999280273914        1348.0000000000000     
   3.2299999278038740        1343.0000000000000     
   3.2399999275803566        1336.0000000000000     
   3.2499999273568392        1333.0000000000000     
   3.2599999271333218        1331.0000000000000     
   3.2699999269098043        1328.0000000000000     
   3.2799999266862869        1326.0000000000000     
   3.2899999264627695        1322.0000000000000     
   3.2999999262392521        1319.0000000000000     
   3.3099999260157347        1315.0000000000000     
   3.3199999257922173        1311.0000000000000     
   3.3299999255686998        1303.0000000000000     
   3.3399999253451824        1296.0000000000000     
   3.3499999251216650        1294.0000000000000     
   3.3599999248981476        1287.0000000000000     
   3.3699999246746302        1283.0000000000000     
   3.3799999244511127        1278.0000000000000     
   3.3899999242275953        1273.0000000000000     
   3.3999999240040779        1267.0000000000000     
   3.4099999237805605        1262.0000000000000     
   3.4199999235570431        1258.0000000000000     
   3.4299999233335257        1252.0000000000000     
   3.4399999231100082        1246.0000000000000     
   3.4499999228864908        1242.0000000000000     
   3.4599999226629734        1237.0000000000000     
   3.4699999224394560        1233.0000000000000     
   3.4799999222159386        1226.0000000000000     
   3.4899999219924212        1221.0000000000000     
   3.4999999217689037        1214.0000000000000     
   3.5099999215453863        1208.0000000000000     
   3.5199999213218689        1204.0000000000000     
   3.5299999210983515        1197.0000000000000     
   3.5399999208748341        1186.0000000000000     
   3.5499999206513166        1180.0000000000000     
   3.5599999204277992        1177.0000000000000     
   3.5699999202042818        1171.0000000000000     
   3.5799999199807644        1169.0000000000000     
   3.5899999197572470        1163.0000000000000     
   3.5999999195337296        1155.0000000000000     
   3.6099999193102121        1152.0000000000000     
   3.6199999190866947        1146.0000000000000     
   3.6299999188631773        1143.0000000000000     
   3.6399999186396599        1138.0000000000000     
   3.6499999184161425        1136.0000000000000     
   3.6599999181926250        1131.0000000000000     
   3.6699999179691076        1129.0000000000000     
   3.6799999177455902        1126.0000000000000     
   3.6899999175220728        1117.0000000000000     
   3.6999999172985554        1115.0000000000000     
   3.7099999170750380        1110.0000000000000     
   3.7199999168515205        1105.0000000000000     
   3.7299999166280031        1101.0000000000000     
   3.7399999164044857        1097.0000000000000     
   3.7499999161809683        1095.0000000000000     
   3.7599999159574509        1088.0000000000000     
   3.7699999157339334        1084.0000000000000     
   3.7799999155104160        1080.0000000000000     
   3.7899999152868986        1075.0000000000000     
   3.7999999150633812        1073.0000000000000     
   3.8099999148398638        1063.0000000000000     
   3.8199999146163464        1059.0000000000000     
   3.8299999143928289        1057.0000000000000     
   3.8399999141693115        1048.0000000000000     
   3.8499999139457941        1045.0000000000000     
   3.8599999137222767        1042.0000000000000     
   3.8699999134987593        1038.0000000000000     
   3.8799999132752419        1034.0000000000000     
   3.8899999130517244        1030.0000000000000     
   3.8999999128282070        1025.0000000000000     
   3.9099999126046896        1019.0000000000000     
   3.9199999123811722        1017.0000000000000     
   3.9299999121576548        1013.0000000000000     
   3.9399999119341373        1007.0000000000000     
   3.9499999117106199        1002.0000000000000     
   3.9599999114871025        998.00000000000000     
   3.9699999112635851        997.00000000000000     
   3.9799999110400677        993.00000000000000     
   3.9899999108165503        986.00000000000000     
   3.9999999105930328        978.00000000000000     
   4.0099999103695154        974.00000000000000     
   4.0199999101459980        972.00000000000000     
   4.0299999099224806        969.00000000000000     
   4.0399999096989632        967.00000000000000     
   4.0499999094754457        966.00000000000000     
   4.0599999092519283        964.00000000000000     
   4.0699999090284109        956.00000000000000     
   4.0799999088048935        953.00000000000000     
   4.0899999085813761        950.00000000000000     
   4.0999999083578587        945.00000000000000     
   4.1099999081343412        942.00000000000000     
   4.1199999079108238        938.00000000000000     
   4.1299999076873064        937.00000000000000     
   4.1399999074637890        933.00000000000000     
   4.1499999072402716        926.00000000000000     
   4.1599999070167542        924.00000000000000     
   4.1699999067932367        920.00000000000000     
   4.1799999065697193        915.00000000000000     
   4.1899999063462019        911.00000000000000     
   4.1999999061226845        903.00000000000000     
   4.2099999058991671        900.00000000000000     
   4.2199999056756496        897.00000000000000     
   4.2299999054521322        893.00000000000000     
   4.2399999052286148        889.00000000000000     
   4.2499999050050974        886.00000000000000     
   4.2599999047815800        877.00000000000000     
   4.2699999045580626        872.00000000000000     
   4.2799999043345451        870.00000000000000     
   4.2899999041110277        869.00000000000000     
   4.2999999038875103        865.00000000000000     
   4.3099999036639929        861.00000000000000     
   4.3199999034404755        857.00000000000000     
   4.3299999032169580        854.00000000000000     
   4.3399999029934406        850.00000000000000     
   4.3499999027699232        844.00000000000000     
   4.3599999025464058        842.00000000000000     
   4.3699999023228884        841.00000000000000     
   4.3799999020993710        837.00000000000000     
   4.3899999018758535        834.00000000000000     
   4.3999999016523361        830.00000000000000     
   4.4099999014288187        828.00000000000000     
   4.4199999012053013        822.00000000000000     
   4.4299999009817839        820.00000000000000     
   4.4399999007582664        815.00000000000000     
   4.4499999005347490        812.00000000000000     
   4.4599999003112316        810.00000000000000     
   4.4699999000877142        808.00000000000000     
   4.4799998998641968        803.00000000000000     
   4.4899998996406794        802.00000000000000     
   4.4999998994171619        798.00000000000000     
   4.5099998991936445        796.00000000000000     
   4.5199998989701271        794.00000000000000     
   4.5299998987466097        788.00000000000000     
   4.5399998985230923        783.00000000000000     
   4.5499998982995749        779.00000000000000     
   4.5599998980760574        777.00000000000000     
   4.5699998978525400        772.00000000000000     
   4.5799998976290226        770.00000000000000     
   4.5899998974055052        766.00000000000000     
   4.5999998971819878        761.00000000000000     
   4.6099998969584703        757.00000000000000     
   4.6199998967349529        756.00000000000000     
   4.6299998965114355        755.00000000000000     
   4.6399998962879181        747.00000000000000     
   4.6499998960644007        740.00000000000000     
   4.6599998958408833        736.00000000000000     
   4.6699998956173658        735.00000000000000     
   4.6799998953938484        729.00000000000000     
   4.6899998951703310        726.00000000000000     
   4.6999998949468136        722.00000000000000     
   4.7099998947232962        718.00000000000000     
   4.7199998944997787        714.00000000000000     
   4.7299998942762613        711.00000000000000     
   4.7399998940527439        708.00000000000000     
   4.7499998938292265        703.00000000000000     
   4.7599998936057091        700.00000000000000     
   4.7699998933821917        697.00000000000000     
   4.7799998931586742        693.00000000000000     
   4.7899998929351568        686.00000000000000     
   4.7999998927116394        680.00000000000000     
   4.8099998924881220        676.00000000000000     
   4.8199998922646046        674.00000000000000     
   4.8299998920410872        673.00000000000000     
   4.8399998918175697        671.00000000000000     
   4.8499998915940523        669.00000000000000     
   4.8599998913705349        664.00000000000000     
   4.8699998911470175        661.00000000000000     
   4.8799998909235001        657.00000000000000     
   4.8899998906999826        655.00000000000000     
   4.8999998904764652        654.00000000000000     
   4.9099998902529478        653.00000000000000     
   4.9199998900294304        649.00000000000000     
   4.9299998898059130        646.00000000000000     
   4.9399998895823956        642.00000000000000     
   4.9499998893588781        640.00000000000000     
   4.9599998891353607        639.00000000000000     
   4.9699998889118433        635.00000000000000     
   4.9799998886883259        632.00000000000000     
   4.9899998884648085        632.00000000000000     
   4.9999998882412910        631.00000000000000     
   5.0099998880177736        629.00000000000000     
   5.0199998877942562        626.00000000000000     
   5.0299998875707388        625.00000000000000     
   5.0399998873472214        622.00000000000000     
   5.0499998871237040        621.00000000000000     
   5.0599998869001865        621.00000000000000     
   5.0699998866766691        620.00000000000000     
   5.0799998864531517        619.00000000000000     
   5.0899998862296343        615.00000000000000     
   5.0999998860061169        612.00000000000000     
   5.1099998857825994        609.00000000000000     
   5.1199998855590820        606.00000000000000     
   5.1299998853355646        602.00000000000000     
   5.1399998851120472        600.00000000000000     
   5.1499998848885298        596.00000000000000     
   5.1599998846650124        592.00000000000000     
   5.1699998844414949        591.00000000000000     
   5.1799998842179775        588.00000000000000     
   5.1899998839944601        584.00000000000000     
   5.1999998837709427        580.00000000000000     
   5.2099998835474253        577.00000000000000     
   5.2199998833239079        575.00000000000000     
   5.2299998831003904        574.00000000000000     
   5.2399998828768730        570.00000000000000     
   5.2499998826533556        569.00000000000000     
   5.2599998824298382        565.00000000000000     
   5.2699998822063208        561.00000000000000     
   5.2799998819828033        555.00000000000000     
   5.2899998817592859        551.00000000000000     
   5.2999998815357685        550.00000000000000     
   5.3099998813122511        549.00000000000000     
   5.3199998810887337        546.00000000000000     
   5.3299998808652163        544.00000000000000     
   5.3399998806416988        542.00000000000000     
   5.3499998804181814        538.00000000000000     
   5.3599998801946640        535.00000000000000     
   5.3699998799711466        531.00000000000000     
   5.3799998797476292        529.00000000000000     
   5.3899998795241117        529.00000000000000     
   5.3999998793005943        525.00000000000000     
   5.4099998790770769        523.00000000000000     
   5.4199998788535595        519.00000000000000     
   5.4299998786300421        519.00000000000000     
   5.4399998784065247        518.00000000000000     
   5.4499998781830072        516.00000000000000     
   5.4599998779594898        515.00000000000000     
   5.4699998777359724        509.00000000000000     
   5.4799998775124550        507.00000000000000     
   5.4899998772889376        502.00000000000000     
   5.4999998770654202        498.00000000000000     
   5.5099998768419027        496.00000000000000     
   5.5199998766183853        496.00000000000000     
   5.5299998763948679        496.00000000000000     
   5.5399998761713505        495.00000000000000     
   5.5499998759478331        494.00000000000000     
   5.5599998757243156        493.00000000000000     
   5.5699998755007982        490.00000000000000     
   5.5799998752772808        489.00000000000000     
   5.5899998750537634        487.00000000000000     
   5.5999998748302460        485.00000000000000     
   5.6099998746067286        484.00000000000000     
   5.6199998743832111        482.00000000000000     
   5.6299998741596937        482.00000000000000     
   5.6399998739361763        480.00000000000000     
   5.6499998737126589        478.00000000000000     
   5.6599998734891415        476.00000000000000     
   5.6699998732656240        474.00000000000000     
   5.6799998730421066        474.00000000000000     
   5.6899998728185892        473.00000000000000     
   5.6999998725950718        470.00000000000000     
   5.7099998723715544        470.00000000000000     
   5.7199998721480370        469.00000000000000     
   5.7299998719245195        468.00000000000000     
   5.7399998717010021        465.00000000000000     
   5.7499998714774847        464.00000000000000     
   5.7599998712539673        464.00000000000000     
   5.7699998710304499        462.00000000000000     
   5.7799998708069324        458.00000000000000     
   5.7899998705834150        456.00000000000000     
   5.7999998703598976        453.00000000000000     
   5.8099998701363802        452.00000000000000     
   5.8199998699128628        448.00000000000000     
   5.8299998696893454        445.00000000000000     
   5.8399998694658279        443.00000000000000     
   5.8499998692423105        441.00000000000000     
   5.8599998690187931        439.00000000000000     
   5.8699998687952757        439.00000000000000     
   5.8799998685717583        437.00000000000000     
   5.8899998683482409        436.00000000000000     
   5.8999998681247234        436.00000000000000     
   5.9099998679012060        434.00000000000000     
   5.9199998676776886        431.00000000000000     
   5.9299998674541712        429.00000000000000     
   5.9399998672306538        429.00000000000000     
   5.9499998670071363        424.00000000000000     
   5.9599998667836189        423.00000000000000     
   5.9699998665601015        421.00000000000000     
   5.9799998663365841        420.00000000000000     
   5.9899998661130667        418.00000000000000     
   5.9999998658895493        417.00000000000000     
   6.0099998656660318        416.00000000000000     
   6.0199998654425144        415.00000000000000     
   6.0299998652189970        413.00000000000000     
   6.0399998649954796        411.00000000000000     
   6.0499998647719622        409.00000000000000     
   6.0599998645484447        407.00000000000000     
   6.0699998643249273        406.00000000000000     
   6.0799998641014099        405.00000000000000     
   6.0899998638778925        404.00000000000000     
   6.0999998636543751        403.00000000000000     
   6.1099998634308577        401.00000000000000     
   6.1199998632073402        400.00000000000000     
   6.1299998629838228        399.00000000000000     
   6.1399998627603054        398.00000000000000     
   6.1499998625367880        396.00000000000000     
   6.1599998623132706        393.00000000000000     
   6.1699998620897532        391.00000000000000     
   6.1799998618662357        390.00000000000000     
   6.1899998616427183        388.00000000000000     
   6.1999998614192009        387.00000000000000     
   6.2099998611956835        386.00000000000000     
   6.2199998609721661        384.00000000000000     
   6.2299998607486486        382.00000000000000     
   6.2399998605251312        380.00000000000000     
   6.2499998603016138        378.00000000000000     
   6.2599998600780964        374.00000000000000     
   6.2699998598545790        371.00000000000000     
   6.2799998596310616        371.00000000000000     
   6.2899998594075441        370.00000000000000     
   6.2999998591840267        368.00000000000000     
   6.3099998589605093        368.00000000000000     
   6.3199998587369919        367.00000000000000     
   6.3299998585134745        366.00000000000000     
   6.3399998582899570        365.00000000000000     
   6.3499998580664396        364.00000000000000     
   6.3599998578429222        363.00000000000000     
   6.3699998576194048        362.00000000000000     
   6.3799998573958874        362.00000000000000     
   6.3899998571723700        358.00000000000000     
   6.3999998569488525        357.00000000000000     
   6.4099998567253351        356.00000000000000     
   6.4199998565018177        355.00000000000000     
   6.4299998562783003        353.00000000000000     
   6.4399998560547829        352.00000000000000     
   6.4499998558312654        349.00000000000000     
   6.4599998556077480        349.00000000000000     
   6.4699998553842306        348.00000000000000     
   6.4799998551607132        347.00000000000000     
   6.4899998549371958        345.00000000000000     
   6.4999998547136784        342.00000000000000     
   6.5099998544901609        341.00000000000000     
   6.5199998542666435        340.00000000000000     
   6.5299998540431261        339.00000000000000     
   6.5399998538196087        339.00000000000000     
   6.5499998535960913        335.00000000000000     
   6.5599998533725739        335.00000000000000     
   6.5699998531490564        334.00000000000000     
   6.5799998529255390        334.00000000000000     
   6.5899998527020216        333.00000000000000     
   6.5999998524785042        332.00000000000000     
   6.6099998522549868        331.00000000000000     
   6.6199998520314693        331.00000000000000     
   6.6299998518079519        328.00000000000000     
   6.6399998515844345        328.00000000000000     
   6.6499998513609171        328.00000000000000     
   6.6599998511373997        328.00000000000000     
   6.6699998509138823        327.00000000000000     
   6.6799998506903648        322.00000000000000     
   6.6899998504668474        321.00000000000000     
   6.6999998502433300        319.00000000000000     
   6.7099998500198126        316.00000000000000     
   6.7199998497962952        313.00000000000000     
   6.7299998495727777        311.00000000000000     
   6.7399998493492603        310.00000000000000     
   6.7499998491257429        310.00000000000000     
   6.7599998489022255        310.00000000000000     
   6.7699998486787081        309.00000000000000     
   6.7799998484551907        308.00000000000000     
   6.7899998482316732        306.00000000000000     
   6.7999998480081558        306.00000000000000     
   6.8099998477846384        305.00000000000000     
   6.8199998475611210        302.00000000000000     
   6.8299998473376036        302.00000000000000     
   6.8399998471140862        301.00000000000000     
   6.8499998468905687        300.00000000000000     
   6.8599998466670513        300.00000000000000     
   6.8699998464435339        298.00000000000000     
   6.8799998462200165        298.00000000000000     
   6.8899998459964991        296.00000000000000     
   6.8999998457729816        294.00000000000000     
   6.9099998455494642        294.00000000000000     
   6.9199998453259468        294.00000000000000     
   6.9299998451024294        293.00000000000000     
   6.9399998448789120        291.00000000000000     
   6.9499998446553946        290.00000000000000     
   6.9599998444318771        286.00000000000000     
   6.9699998442083597        285.00000000000000     
   6.9799998439848423        284.00000000000000     
   6.9899998437613249        284.00000000000000     
   6.9999998435378075        284.00000000000000     
   7.0099998433142900        284.00000000000000     
   7.0199998430907726        283.00000000000000     
   7.0299998428672552        283.00000000000000     
   7.0399998426437378        282.00000000000000     
   7.0499998424202204        281.00000000000000     
   7.0599998421967030        279.00000000000000     
   7.0699998419731855        278.00000000000000     
   7.0799998417496681        278.00000000000000     
   7.0899998415261507        277.00000000000000     
   7.0999998413026333        276.00000000000000     
   7.1099998410791159        275.00000000000000     
   7.1199998408555984        274.00000000000000     
   7.1299998406320810        272.00000000000000     
   7.1399998404085636        272.00000000000000     
   7.1499998401850462        272.00000000000000     
   7.1599998399615288        270.00000000000000     
   7.1699998397380114        270.00000000000000     
   7.1799998395144939        269.00000000000000     
   7.1899998392909765        267.00000000000000     
   7.1999998390674591        266.00000000000000     
   7.2099998388439417        266.00000000000000     
   7.2199998386204243        265.00000000000000     
   7.2299998383969069        264.00000000000000     
   7.2399998381733894        264.00000000000000     
   7.2499998379498720        263.00000000000000     
   7.2599998377263546        263.00000000000000     
   7.2699998375028372        263.00000000000000     
   7.2799998372793198        262.00000000000000     
   7.2899998370558023        261.00000000000000     
   7.2999998368322849        261.00000000000000     
   7.3099998366087675        261.00000000000000     
   7.3199998363852501        260.00000000000000     
   7.3299998361617327        259.00000000000000     
   7.3399998359382153        258.00000000000000     
   7.3499998357146978        257.00000000000000     
   7.3599998354911804        256.00000000000000     
   7.3699998352676630        255.00000000000000     
   7.3799998350441456        255.00000000000000     
   7.3899998348206282        253.00000000000000     
   7.3999998345971107        251.00000000000000     
   7.4099998343735933        249.00000000000000     
   7.4199998341500759        249.00000000000000     
   7.4299998339265585        249.00000000000000     
   7.4399998337030411        248.00000000000000     
   7.4499998334795237        248.00000000000000     
   7.4599998332560062        248.00000000000000     
   7.4699998330324888        248.00000000000000     
   7.4799998328089714        248.00000000000000     
   7.4899998325854540        245.00000000000000     
   7.4999998323619366        244.00000000000000     
   7.5099998321384192        243.00000000000000     
   7.5199998319149017        242.00000000000000     
   7.5299998316913843        242.00000000000000     
   7.5399998314678669        240.00000000000000     
   7.5499998312443495        239.00000000000000     
   7.5599998310208321        237.00000000000000     
   7.5699998307973146        237.00000000000000     
   7.5799998305737972        235.00000000000000     
   7.5899998303502798        235.00000000000000     
   7.5999998301267624        235.00000000000000     
   7.6099998299032450        235.00000000000000     
   7.6199998296797276        235.00000000000000     
   7.6299998294562101        234.00000000000000     
   7.6399998292326927        233.00000000000000     
   7.6499998290091753        231.00000000000000     
   7.6599998287856579        231.00000000000000     
   7.6699998285621405        229.00000000000000     
   7.6799998283386230        229.00000000000000     
   7.6899998281151056        228.00000000000000     
   7.6999998278915882        228.00000000000000     
   7.7099998276680708        227.00000000000000     
   7.7199998274445534        227.00000000000000     
   7.7299998272210360        226.00000000000000     
   7.7399998269975185        225.00000000000000     
   7.7499998267740011        223.00000000000000     
   7.7599998265504837        223.00000000000000     
   7.7699998263269663        221.00000000000000     
   7.7799998261034489        221.00000000000000     
   7.7899998258799314        221.00000000000000     
   7.7999998256564140        221.00000000000000     
   7.8099998254328966        221.00000000000000     
   7.8199998252093792        219.00000000000000     
   7.8299998249858618        217.00000000000000     
   7.8399998247623444        215.00000000000000     
   7.8499998245388269        215.00000000000000     
   7.8599998243153095        214.00000000000000     
   7.8699998240917921        211.00000000000000     
   7.8799998238682747        209.00000000000000     
   7.8899998236447573        209.00000000000000     
   7.8999998234212399        207.00000000000000     
   7.9099998231977224        207.00000000000000     
   7.9199998229742050        207.00000000000000     
   7.9299998227506876        207.00000000000000     
   7.9399998225271702        207.00000000000000     
   7.9499998223036528        207.00000000000000     
   7.9599998220801353        206.00000000000000     
   7.9699998218566179        206.00000000000000     
   7.9799998216331005        206.00000000000000     
   7.9899998214095831        206.00000000000000     
   7.9999998211860657        206.00000000000000     
   8.0099998209625483        205.00000000000000     
   8.0199998207390308        205.00000000000000     
   8.0299998205155134        204.00000000000000     
   8.0399998202919960        203.00000000000000     
   8.0499998200684786        200.00000000000000     
   8.0599998198449612        200.00000000000000     
   8.0699998196214437        199.00000000000000     
   8.0799998193979263        199.00000000000000     
   8.0899998191744089        198.00000000000000     
   8.0999998189508915        197.00000000000000     
   8.1099998187273741        196.00000000000000     
   8.1199998185038567        196.00000000000000     
   8.1299998182803392        196.00000000000000     
   8.1399998180568218        195.00000000000000     
   8.1499998178333044        193.00000000000000     
   8.1599998176097870        192.00000000000000     
   8.1699998173862696        192.00000000000000     
   8.1799998171627522        191.00000000000000     
   8.1899998169392347        191.00000000000000     
   8.1999998167157173        191.00000000000000     
   8.2099998164921999        190.00000000000000     
   8.2199998162686825        189.00000000000000     
   8.2299998160451651        186.00000000000000     
   8.2399998158216476        186.00000000000000     
   8.2499998155981302        186.00000000000000     
   8.2599998153746128        185.00000000000000     
   8.2699998151510954        183.00000000000000     
   8.2799998149275780        180.00000000000000     
   8.2899998147040606        180.00000000000000     
   8.2999998144805431        180.00000000000000     
   8.3099998142570257        180.00000000000000     
   8.3199998140335083        179.00000000000000     
   8.3299998138099909        178.00000000000000     
   8.3399998135864735        178.00000000000000     
   8.3499998133629560        176.00000000000000     
   8.3599998131394386        176.00000000000000     
   8.3699998129159212        175.00000000000000     
   8.3799998126924038        173.00000000000000     
   8.3899998124688864        173.00000000000000     
   8.3999998122453690        172.00000000000000     
   8.4099998120218515        171.00000000000000     
   8.4199998117983341        169.00000000000000     
   8.4299998115748167        168.00000000000000     
   8.4399998113512993        165.00000000000000     
   8.4499998111277819        165.00000000000000     
   8.4599998109042645        162.00000000000000     
   8.4699998106807470        162.00000000000000     
   8.4799998104572296        161.00000000000000     
   8.4899998102337122        158.00000000000000     
   8.4999998100101948        158.00000000000000     
   8.5099998097866774        158.00000000000000     
   8.5199998095631599        157.00000000000000     
   8.5299998093396425        157.00000000000000     
   8.5399998091161251        156.00000000000000     
   8.5499998088926077        156.00000000000000     
   8.5599998086690903        155.00000000000000     
   8.5699998084455729        153.00000000000000     
   8.5799998082220554        153.00000000000000     
   8.5899998079985380        153.00000000000000     
   8.5999998077750206        153.00000000000000     
   8.6099998075515032        151.00000000000000     
   8.6199998073279858        150.00000000000000     
   8.6299998071044683        149.00000000000000     
   8.6399998068809509        148.00000000000000     
   8.6499998066574335        147.00000000000000     
   8.6599998064339161        145.00000000000000     
   8.6699998062103987        145.00000000000000     
   8.6799998059868813        144.00000000000000     
   8.6899998057633638        143.00000000000000     
   8.6999998055398464        143.00000000000000     
   8.7099998053163290        142.00000000000000     
   8.7199998050928116        142.00000000000000     
   8.7299998048692942        141.00000000000000     
   8.7399998046457767        141.00000000000000     
   8.7499998044222593        140.00000000000000     
   8.7599998041987419        139.00000000000000     
   8.7699998039752245        138.00000000000000     
   8.7799998037517071        138.00000000000000     
   8.7899998035281897        137.00000000000000     
   8.7999998033046722        137.00000000000000     
   8.8099998030811548        137.00000000000000     
   8.8199998028576374        136.00000000000000     
   8.8299998026341200        135.00000000000000     
   8.8399998024106026        133.00000000000000     
   8.8499998021870852        133.00000000000000     
   8.8599998019635677        133.00000000000000     
   8.8699998017400503        133.00000000000000     
   8.8799998015165329        132.00000000000000     
   8.8899998012930155        132.00000000000000     
   8.8999998010694981        131.00000000000000     
   8.9099998008459806        131.00000000000000     
   8.9199998006224632        131.00000000000000     
   8.9299998003989458        130.00000000000000     
   8.9399998001754284        130.00000000000000     
   8.9499997999519110        130.00000000000000     
   8.9599997997283936        130.00000000000000     
   8.9699997995048761        130.00000000000000     
   8.9799997992813587        129.00000000000000     
   8.9899997990578413        128.00000000000000     
   8.9999997988343239        128.00000000000000     
   9.0099997986108065        127.00000000000000     
   9.0199997983872890        127.00000000000000     
   9.0299997981637716        127.00000000000000     
   9.0399997979402542        127.00000000000000     
   9.0499997977167368        126.00000000000000     
   9.0599997974932194        126.00000000000000     
   9.0699997972697020        125.00000000000000     
   9.0799997970461845        125.00000000000000     
   9.0899997968226671        125.00000000000000     
   9.0999997965991497        123.00000000000000     
   9.1099997963756323        123.00000000000000     
   9.1199997961521149        122.00000000000000     
   9.1299997959285975        121.00000000000000     
   9.1399997957050800        121.00000000000000     
   9.1499997954815626        121.00000000000000     
   9.1599997952580452        121.00000000000000     
   9.1699997950345278        121.00000000000000     
   9.1799997948110104        120.00000000000000     
   9.1899997945874929        119.00000000000000     
   9.1999997943639755        119.00000000000000     
   9.2099997941404581        119.00000000000000     
   9.2199997939169407        118.00000000000000     
   9.2299997936934233        118.00000000000000     
   9.2399997934699059        117.00000000000000     
   9.2499997932463884        117.00000000000000     
   9.2599997930228710        117.00000000000000     
   9.2699997927993536        115.00000000000000     
   9.2799997925758362        115.00000000000000     
   9.2899997923523188        114.00000000000000     
   9.2999997921288013        114.00000000000000     
   9.3099997919052839        113.00000000000000     
   9.3199997916817665        112.00000000000000     
   9.3299997914582491        111.00000000000000     
   9.3399997912347317        111.00000000000000     
   9.3499997910112143        111.00000000000000     
   9.3599997907876968        110.00000000000000     
   9.3699997905641794        110.00000000000000     
   9.3799997903406620        109.00000000000000     
   9.3899997901171446        109.00000000000000     
   9.3999997898936272        109.00000000000000     
   9.4099997896701097        108.00000000000000     
   9.4199997894465923        108.00000000000000     
   9.4299997892230749        107.00000000000000     
   9.4399997889995575        106.00000000000000     
   9.4499997887760401        106.00000000000000     
   9.4599997885525227        106.00000000000000     
   9.4699997883290052        106.00000000000000     
   9.4799997881054878        104.00000000000000     
   9.4899997878819704        103.00000000000000     
   9.4999997876584530        103.00000000000000     
   9.5099997874349356        102.00000000000000     
   9.5199997872114182        102.00000000000000     
   9.5299997869879007        102.00000000000000     
   9.5399997867643833        101.00000000000000     
   9.5499997865408659        100.00000000000000     
   9.5599997863173485        99.000000000000000     
   9.5699997860938311        99.000000000000000     
   9.5799997858703136        97.000000000000000     
   9.5899997856467962        97.000000000000000     
   9.5999997854232788        97.000000000000000     
   9.6099997851997614        96.000000000000000     
   9.6199997849762440        94.000000000000000     
   9.6299997847527266        93.000000000000000     
   9.6399997845292091        93.000000000000000     
   9.6499997843056917        92.000000000000000     
   9.6599997840821743        91.000000000000000     
   9.6699997838586569        90.000000000000000     
   9.6799997836351395        89.000000000000000     
   9.6899997834116220        88.000000000000000     
   9.6999997831881046        86.000000000000000     
   9.7099997829645872        86.000000000000000     
   9.7199997827410698        84.000000000000000     
   9.7299997825175524        84.000000000000000     
   9.7399997822940350        84.000000000000000     
   9.7499997820705175        84.000000000000000     
   9.7599997818470001        83.000000000000000     
   9.7699997816234827        82.000000000000000     
   9.7799997813999653        82.000000000000000     
   9.7899997811764479        80.000000000000000     
   9.7999997809529305        80.000000000000000     
   9.8099997807294130        80.000000000000000     
   9.8199997805058956        80.000000000000000     
   9.8299997802823782        80.000000000000000     
   9.8399997800588608        80.000000000000000     
   9.8499997798353434        79.000000000000000     
   9.8599997796118259        79.000000000000000     
   9.8699997793883085        79.000000000000000     
   9.8799997791647911        77.000000000000000     
   9.8899997789412737        77.000000000000000     
   9.8999997787177563        77.000000000000000     
   9.9099997784942389        76.000000000000000     
   9.9199997782707214        76.000000000000000     
   9.9299997780472040        76.000000000000000     
   9.9399997778236866        76.000000000000000     
   9.9499997776001692        76.000000000000000     
   9.9599997773766518        75.000000000000000     
   9.9699997771531343        73.000000000000000     
   9.9799997769296169        73.000000000000000     
   9.9899997767060995        73.000000000000000     
   9.9999997764825821        73.000000000000000     
