   0.0000000000000000        0.0000000000000000        0.0000000000000000     
   9.9999997764825821E-003   3.9631997933030150E-005   3.9840318387612937E-005
   1.9999999552965164E-002   1.1859199381494527E-004   1.1920286921411976E-004
   2.9999999329447746E-002   2.3669598765534174E-004   2.3777147123453247E-004
   3.9999999105930328E-002   3.9368797946757095E-004   3.9523183776946406E-004
   4.9999998882412910E-002   5.8920796927040841E-004   5.9127156661758790E-004
   5.9999998658895493E-002   8.2311195707136429E-004   8.2558013001844417E-004
   6.9999998435378075E-002   1.0949919428917174E-003   1.0978488646653521E-003
   7.9999998211860657E-002   1.4043679267565020E-003   1.4077709617681879E-003
   8.9999997988343239E-002   1.7509759086794861E-003   1.7550414571657898E-003
   9.9999997764825821E-002   2.1343358886857042E-003   2.1393572214877515E-003
  0.10999999754130840        2.5547118667613878E-003   2.5604169503653678E-003
  0.11999999731779099        3.0105198429891482E-003   3.0179211546914981E-003
  0.12999999709427357        3.5020238173552173E-003   3.5115721509291096E-003
  0.13999999687075615        4.0290957898662704E-003   4.0410740514682702E-003
  0.14999999664723873        4.5916557605264804E-003   4.6061327550313584E-003
  0.15999999642372131        5.1892877293575430E-003   5.2064559371262555E-003
  0.16999999620020390        5.8223676963398488E-003   5.8417530405472980E-003
  0.17999999597668648        6.4902396615076101E-003   6.5117352659237460E-003
  0.18999999575316906        7.1912636249463601E-003   7.2161155623155582E-003
  0.19999999552965164        7.9258235866360716E-003   7.9546086178562334E-003
  0.20999999530613422        8.6932475466117917E-003   8.7269308504424985E-003
  0.21999999508261681        9.4942235048376383E-003   9.5328003984706099E-003
  0.22999999485909939        1.0329399461279816E-002   1.0371937111619059E-002
  0.23999999463558197        1.1198199415968366E-002   1.1244062541677445E-002
  0.24999999441206455        1.2100399368914969E-002   1.2148899933421305E-002
  0.25999999418854713        1.3036191320109613E-002   1.3086174215532664E-002
  0.26999999396502972        1.4004303269618639E-002   1.4055611991566106E-002
  0.27999999374151230        1.5003791217491277E-002   1.5056941530960134E-002
  0.28999999351799488        1.6034335163744220E-002   1.6089892760093601E-002
  0.29999999329447746        1.7096815108331571E-002   1.7154197253387005E-002
  0.30999999307096004        1.8190743051278779E-002   1.8249588224448422E-002
  0.31999999284744263        1.9316886992545794E-002   1.9375800517263862E-002
  0.32999999262392521        2.0475582932115089E-002   2.0532570597431854E-002
  0.33999999240040779        2.1665854870037568E-002   2.1719636543442018E-002
  0.34999999217689037        2.2888054806294873E-002   2.2936738037997430E-002
  0.35999999195337296        2.4139414741031363E-002   2.4183616359380569E-002
  0.36999999172985554        2.5421390674171103E-002   2.5460014372862636E-002
  0.37999999150633812        2.6731022605868474E-002   2.6765676522156025E-002
  0.38999999128282070        2.8070438536012488E-002   2.8100348820909758E-002
  0.39999999105930328        2.9439718464598971E-002   2.9463778844247647E-002
  0.40999999083578587        3.0837654391690929E-002   3.0855715720349033E-002
  0.41999999061226845        3.2263638317320070E-002   3.2275910122071823E-002
  0.42999999038875103        3.3718758241429649E-002   3.3724114258617668E-002
  0.43999999016523361        3.5199974164178215E-002   3.5200081867239094E-002
  0.44999998994171619        3.6709094085471475E-002   3.6703568204988331E-002
  0.45999998971819878        3.8246966005265198E-002   3.8234330040507677E-002
  0.46999998949468136        3.9811125923687900E-002   3.9792125645861209E-002
  0.47999998927116394        4.1405109840555156E-002   4.1376714788407577E-002
  0.48999998904764652        4.3023677756140258E-002   4.2987858722713768E-002
  0.49999998882412910        4.4670877670232083E-002   4.4625320182509580E-002
  0.50999998860061169        4.6344901582924931E-002   4.6288863372682655E-002
  0.51999998837709427        4.8045509494231316E-002   4.7978253961313805E-002
  0.52999998815357685        4.9769069404340657E-002   4.9693259071752538E-002
  0.53999998793005943        5.1516509313204562E-002   5.1433647274732493E-002
  0.54999998770654202        5.3291469220633186E-002   5.3199188580526663E-002
  0.55999998748302460        5.5093325126659071E-002   5.4989654431142163E-002
  0.56999998725950718        5.6921429031316015E-002   5.6804817692554389E-002
  0.57999998703598976        5.8772788934760067E-002   5.8644452646980372E-002
  0.58999998681247234        6.0649460836883995E-002   6.0508334985191092E-002
  0.59999998658895493        6.2549780737774591E-002   6.2396241798862655E-002
  0.60999998636543751        6.4472988637471473E-002   6.4307951572966024E-002
  0.61999998614192009        6.6421276535860344E-002   6.6243244178195257E-002
  0.62999998591840267        6.8393932432978310E-002   6.8201900863433945E-002
  0.63999998569488525        7.0387660328997292E-002   7.0183704248259746E-002
  0.64999998547136784        7.2406300223717010E-002   7.2188438315486755E-002
  0.65999998524785042        7.4444908117395320E-002   7.4215888403745642E-002
  0.66999998502433300        7.6503684010021791E-002   7.6265841200101214E-002
  0.67999998480081558        7.8581763901641469E-002   7.8338084732707425E-002
  0.68999998457729816        8.0682675792070377E-002   8.0432408363499422E-002
  0.69999998435378075        8.2800035681641446E-002   8.2548602780922672E-002
  0.70999998413026333        8.4937419570168191E-002   8.4686459992698790E-002
  0.71999998390674591        8.7095691457605540E-002   8.6845773318628056E-002
  0.72999998368322849        8.9275763343905926E-002   8.9026337383428356E-002
  0.73999998345971107        9.1470899229420657E-002   9.1227948109610338E-002
  0.74999998323619366        9.3684299113982850E-002   9.3450402710388750E-002
  0.75999998301267624        9.5917482997513223E-002   9.5693499682629607E-002
  0.76999998278915882        9.8168346880121521E-002   9.7957038799833140E-002
  0.77999998256564140       0.10043783476175849       0.10024082110515230     
  0.78999998234212399       0.10272757064233945       0.10254464890444666     
  0.79999998211860657       0.10503605052194284       0.10486832575937158     
  0.80999998189508915       0.10736366640054820       0.10721165648050233     
  0.81999998167157173       0.10970689827833913       0.10957444712049323     
  0.82999998144805431       0.11207273015495138       0.11195650496727137     
  0.83999998122453690       0.11445765803056769       0.11435763853726495     
  0.84999998100101948       0.11686077790523522       0.11677765756866602     
  0.85999998077750206       0.11927221777946882       0.11921637301472739     
  0.86999998055398464       0.12170752165245782       0.12167359703709356     
  0.87999998033046722       0.12416025752453767       0.12414914299916563     
  0.88999998010694981       0.12663303339557236       0.12664282545949987     
  0.89999997988343239       0.12912495326560861       0.12915446016523977     
  0.90999997965991497       0.13163655313461847       0.13168386404558163     
  0.91999997943639755       0.13416324100284144       0.13423085520527328     
  0.92999997921288013       0.13670474487029169       0.13679525291814590     
  0.93999997898936272       0.13926079273698339       0.13937687762067874     
  0.94999997876584530       0.14183719260261365       0.14197555090559660     
  0.95999997854232788       0.14443072846735022       0.14459109551549990     
  0.96999997831881046       0.14704352033108251       0.14722333533652709     
  0.97999997809529305       0.14967384019390062       0.14987209539204960     
  0.98999997787177563       0.15232070405585590       0.15253720183639849     
  0.99999997764825821       0.15498230391704265       0.15521848194862350     
   1.0099999774247408       0.15766486377713623       0.15791576412628361     
   1.0199999772012234       0.16036419163635532       0.16062887787926933     
   1.0299999769777060       0.16308091949466691       0.16335765382365658     
   1.0399999767541885       0.16581736735195002       0.16610192367559173     
   1.0499999765306711       0.16857088720834276       0.16886152024520804     
   1.0599999763071537       0.17133960706394277       0.17163627743057297     
   1.0699999760836363       0.17412588691862696       0.17442603021166653     
   1.0799999758601189       0.17692524677262897       0.17723061464439022     
   1.0899999756366014       0.17974355062564296       0.18004986785460664     
   1.0999999754130840       0.18257451047799689       0.18288362803220962     
   1.1099999751895666       0.18541966232961066       0.18573173442522442     
   1.1199999749660492       0.18827163018086893       0.18859402733393837     
   1.1299999747425318       0.19113821403136491       0.19147034810506119     
   1.1399999745190144       0.19401830988115620       0.19436053912591550     
   1.1499999742954969       0.19690986973034960       0.19726444381865671     
   1.1599999740719795       0.19981079757905443       0.20018190663452276     
   1.1699999738484621       0.20271988542733366       0.20311277304811304     
   1.1799999736249447       0.20563967727505464       0.20605688955169682     
   1.1899999734014273       0.20857183712213057       0.20901410364955059     
   1.1999999731779099       0.21151903696842211       0.21198426385232449     
   1.2099999729543924       0.21447627681419004       0.21496721967143775     
   1.2199999727308750       0.21744429265939594       0.21796282161350247     
   1.2299999725073576       0.22042482850394887       0.22097092117477632     
   1.2399999722838402       0.22341868434780712       0.22399137083564349     
   1.2499999720603228       0.22642268419113631       0.22702402405512406     
   1.2599999718368053       0.22943660403394814       0.23006873526541133     
   1.2699999716132879       0.23246021987625429       0.23312535986643734     
   1.2799999713897705       0.23549433171801301       0.23619375422046621     
   1.2899999711662531       0.23853873155923519       0.23927377564671523     
   1.2999999709427357       0.24159529139982316       0.24236528241600358     
   1.3099999707192183       0.24466069123995010       0.24546813374542845     
   1.3199999704957008       0.24774209907924216       0.24858218979306859     
   1.3299999702721834       0.25083727491781616       0.25170731165271504     
   1.3399999700486660       0.25394285875584732       0.25484336134862889     
   1.3499999698251486       0.25706189859317669       0.25799020183032600     
   1.3599999696016312       0.26019642642969831       0.26114769696738865     
   1.3699999693781137       0.26333646626593249       0.26431571154430367     
   1.3799999691545963       0.26648838610154707       0.26749411125532718     
   1.3899999689310789       0.26965313793649237       0.27068276269937602     
   1.3999999687075615       0.27283281777065915       0.27388153337494492     
   1.4099999684840441       0.27601941760446502       0.27709029167505034     
   1.4199999682605267       0.27921612143774394       0.28030890688220012     
   1.4299999680370092       0.28242160927056470       0.28353724916338907     
   1.4399999678134918       0.28563684110287729       0.28677518956512038     
   1.4499999675899744       0.28886512093450939       0.29002260000845248     
   1.4599999673664570       0.29209931276583312       0.29327935328407184     
   1.4699999671429396       0.29533919259686020       0.29654532304739073     
   1.4799999669194221       0.29858808842741708       0.29982038381367054     
   1.4899999666959047       0.30185178425720205       0.30310441095317014     
   1.4999999664723873       0.30512898408628275       0.30639728068631938     
   1.5099999662488699       0.30841715991479102       0.30969887007891739     
   1.5199999660253525       0.31171251974292458       0.31300905703735554     
   1.5299999658018351       0.31502099157037433       0.31632772030386552     
   1.5399999655783176       0.31833507139753159       0.31965473945179151     
   1.5499999653548002       0.32165827122421320       0.32298999488088687     
   1.5599999651312828       0.32498543905068789       0.32633336781263539     
   1.5699999649077654       0.32831258287716381       0.32968474028559641     
   1.5799999646842480       0.33164954270312780       0.33304399515077426     
   1.5899999644607306       0.33498727052905169       0.33641101606701140     
   1.5999999642372131       0.33833703035434809       0.33978568749640553     
   1.6099999640136957       0.34169613417915717       0.34316789469975062     
   1.6199999637901783       0.34506184600362161       0.34655752373200105     
   1.6299999635666609       0.34844181382734252       0.34995446143775971     
   1.6399999633431435       0.35182677365080312       0.35335859544678921     
   1.6499999631196260       0.35521389347415105       0.35676981416954645     
   1.6599999628961086       0.35860560529725949       0.36018800679274021     
   1.6699999626725912       0.36200438911999910       0.36361306327491189     
   1.6799999624490738       0.36541546094209781       0.36704487434203908     
   1.6899999622255564       0.36883331676384273       0.37048333148316209     
   1.6999999620020390       0.37225507658538404       0.37392832694603295     
   1.7099999617785215       0.37568875640630367       0.37737975373278704     
   1.7199999615550041       0.37912462822710896       0.38083750559563739     
   1.7299999613314867       0.38256663604759428       0.38430147703259099     
   1.7399999611079693       0.38601879586755011       0.38777156328318774     
   1.7499999608844519       0.38946979568756646       0.39124766032426112     
   1.7599999606609344       0.39292080350758235       0.39472966486572120     
   1.7699999604374170       0.39638575532687104       0.39821747434635957     
   1.7799999602138996       0.39986316314551007       0.40171098692967577     
   1.7899999599903822       0.40335294696350366       0.40521010149972586     
   1.7999999597668648       0.40685358678093103       0.40871471765699219     
   1.8099999595433474       0.41036064259802379       0.41222473571427487     
   1.8199999593198299       0.41387397041478946       0.41574005669260466     
   1.8299999590963125       0.41739196223131186       0.41926058231717706     
   1.8399999588727951       0.42091740204744582       0.42278621501330749     
   1.8499999586492777       0.42444572186342960       0.42631685790240775     
   1.8599999584257603       0.42797525767934996       0.42985241479798325     
   1.8699999582022429       0.43150432149529494       0.43339279020165133     
   1.8799999579787254       0.43502969731143226       0.43693788929918004     
   1.8899999577552080       0.43855416912761674       0.44048761795654778     
   1.8999999575316906       0.44208360894354209       0.44404188271602357     
   1.9099999573081732       0.44561634475929557       0.44760059079226755     
   1.9199999570846558       0.44914607257520589       0.45116365006845194     
   1.9299999568611383       0.45268183239080162       0.45473096909240240     
   1.9399999566376209       0.45622039220625132       0.45830245707275924     
   1.9499999564141035       0.45976471202140062       0.46187802387515903     
   1.9599999561905861       0.46330839183658329       0.46545758001843585     
   1.9699999559670687       0.46685596765156279       0.46904103667084257     
   1.9799999557435513       0.47040571146642923       0.47262830564629194     
   1.9899999555200338       0.47396064728102488       0.47621929940061719     
   1.9999999552965164       0.47751584709560674       0.47981393102785225     
   2.0099999550729990       0.48106952691026789       0.48341211425653158     
   2.0199999548494816       0.48462149472501831       0.48701376344600911     
   2.0299999546259642       0.48817480653969864       0.49061879358279670     
   2.0399999544024467       0.49173093435423210       0.49422712027692162     
   2.0499999541789293       0.49528645416879730       0.49783865975830316     
   2.0599999539554119       0.49884448598323144       0.50145332887314831     
   2.0699999537318945       0.50240488579754217       0.50507104508036627     
   2.0799999535083771       0.50597083761156325       0.50869172644800187     
   2.0899999532848597       0.50953888542547510       0.51231529164968725     
   2.0999999530613422       0.51311560523893462       0.51594165996111285     
   2.1099999528378248       0.51669416505229815       0.51957075125651664     
   2.1199999526143074       0.52028120486521945       0.52320248600519148     
   2.1299999523907900       0.52386982867805809       0.52683678526801125     
   2.1399999521672726       0.52746331649064304       0.53047357069397494     
   2.1499999519437551       0.53106155630298024       0.53411276451676926     
   2.1599999517202377       0.53466270811516559       0.53775428955134885     
   2.1699999514967203       0.53825969992756784       0.54139806919053490     
   2.1799999512732029       0.54185408374010613       0.54504402740163127     
   2.1899999510496855       0.54545794755214994       0.54869208872305897     
   2.1999999508261681       0.54905538736452886       0.55234217826100762     
   2.2099999506026506       0.55265503517679260       0.55599422168610524     
   2.2199999503791332       0.55626209098866997       0.55964814523010509     
   2.2299999501556158       0.55987112280044427       0.56330387568259033     
   2.2399999499320984       0.56348379461202869       0.56696134038769574     
   2.2499999497085810       0.56709279442380467       0.57062046724084703     
   2.2599999494850636       0.57069613823587562       0.57428118468551692     
   2.2699999492615461       0.57429726604806219       0.57794342170999868     
   2.2799999490380287       0.57789966586018238       0.58160710784419678     
   2.2899999488145113       0.58150504167214734       0.58527217315643421     
   2.2999999485909939       0.58510776148425081       0.58893854825027658     
   2.3099999483674765       0.58872060129582648       0.59260616426137336     
   2.3199999481439590       0.59233237710745767       0.59627495285431564     
   2.3299999479204416       0.59594294491915190       0.59994484621951039     
   2.3399999476969242       0.59955216073091666       0.60361577707007141     
   2.3499999474734068       0.60315048054324960       0.60728767863872668     
   2.3599999472498894       0.60674712035567024       0.61096048467474173     
   2.3699999470263720       0.61034193616818599       0.61463412944086016     
   2.3799999468028545       0.61393668798070511       0.61830854771025923     
   2.3899999465793371       0.61752933579333391       0.62198367476352256     
   2.3999999463558197       0.62112357560587972       0.62565944638562832     
   2.4099999461323023       0.62470387141915273       0.62933579886295332     
   2.4199999459087849       0.62827966323266060       0.63301266898029362     
   2.4299999456852674       0.63186634304560063       0.63668999401789994     
   2.4399999454617500       0.63545216685858530       0.64036771174852980     
   2.4499999452382326       0.63903700667162133       0.64404576043451467     
   2.4599999450147152       0.64261483048502333       0.64772407882484273     
   2.4699999447911978       0.64618941429859422       0.65140260615225754     
   2.4799999445676804       0.64976061411234165       0.65508128213037153     
   2.4899999443441629       0.65333027792616916       0.65876004695079537     
   2.4999999441206455       0.65689827774008347       0.66243884128028230     
   2.5099999438971281       0.66047251755367231       0.66611760625788763     
   2.5199999436736107       0.66405091736704425       0.66979628349214337     
   2.5299999434500933       0.66762732518052004       0.67347481505824802     
   2.5399999432265759       0.67120770899378845       0.67715314349527134     
   2.5499999430030584       0.67478586880717284       0.68083121180337358     
   2.5599999427795410       0.67835962862078669       0.68450896344104017     
   2.5699999425560236       0.68193501243431587       0.68818634232233056     
   2.5799999423325062       0.68551811624744241       0.69186329281414216     
   2.5899999421089888       0.68910267606049302       0.69553975973348836     
   2.5999999418854713       0.69269067587336419       0.69921568834479175     
   2.6099999416619539       0.69627368368649578       0.70289102435719120     
   2.6199999414384365       0.69984526750022313       0.70656571392186340     
   2.6299999412149191       0.70341154731422717       0.71023970362935906     
   2.6399999409914017       0.70698293912796462       0.71391294050695286     
   2.6499999407678843       0.71055301894177048       0.71758537201600792     
   2.6599999405443668       0.71412593075542863       0.72125694604935420     
   2.6699999403208494       0.71769518656927744       0.72492761092868085     
   2.6799999400973320       0.72126709038298809       0.72859731540194250     
   2.6899999398738146       0.72483510619690150       0.73226600864077984     
   2.6999999396502972       0.72840342601079910       0.73593364023795327     
   2.7099999394267797       0.73195894582536425       0.73960016020479091     
   2.7199999392032623       0.73551888163969914       0.74326551896865001     
   2.7299999389797449       0.73907224945437655       0.74692966737039179     
   2.7399999387562275       0.74262986526883246       0.75059255666187041     
   2.7499999385327101       0.74618286508352905       0.75425413850343470     
   2.7599999383091927       0.74973112089847305       0.75791436496144349     
   2.7699999380856752       0.75328780071297774       0.76157318850579470     
   2.7799999378621578       0.75684842452727674       0.76523056200746720     
   2.7899999376386404       0.76040846434160614       0.76888643873607598     
   2.7999999374151230       0.76396334415620470       0.77254077235744056     
   2.8099999371916056       0.76751743197084454       0.77619351693116623     
   2.8199999369680882       0.77107288778541305       0.77984462690823853     
   2.8299999367445707       0.77462963159991438       0.78349405712863074     
   2.8399999365210533       0.77818303941458966       0.78714176281892390     
   2.8499999362975359       0.78172843922968260       0.79078769958993977     
   2.8599999360740185       0.78526339904532005       0.79443182343438656     
   2.8699999358505011       0.78879235086127086       0.79807409072451763     
   2.8799999356269836       0.79231977467730141       0.80171445820980203     
   2.8899999354034662       0.79584788649329608       0.80535288301460839     
   2.8999999351799488       0.79936732630974294       0.80898932263590084     
   2.9099999349564314       0.80288493412628537       0.81262373494094753     
   2.9199999347329140       0.80640294994280659       0.81625607816504131     
   2.9299999345093966       0.80991426175967740       0.81988631090923314     
   2.9399999342858791       0.81342814957641385       0.82351439213807720     
   2.9499999340623617       0.81694218939314234       0.82714028117738836     
   2.9599999338388443       0.82045393320999060       0.83076393771201196     
   2.9699999336153269       0.82397278902646798       0.83438532178360536     
   2.9799999333918095       0.82748680484319781       0.83800439378843194     
   2.9899999331682920       0.83099586866018582       0.84162111447516630     
   2.9999999329447746       0.83449026847793861       0.84523544494271197     
   3.0099999327212572       0.83798427629571193       0.84884734663803041     
   3.0199999324977398       0.84147539611363587       0.85245678135398262     
   3.0299999322742224       0.84495868393196827       0.85606371122718117     
   3.0399999320507050       0.84843887575046206       0.85966809873585492     
   3.0499999318271875       0.85193051556835886       0.86326990669772508     
   3.0599999316036701       0.85542136338629693       0.86686909826789227     
   3.0699999313801527       0.85890151520479285       0.87046563693673562     
   3.0799999311566353       0.86238807502295456       0.87405948652782317     
   3.0899999309331179       0.86587606684104157       0.87765061119583332     
   3.0999999307096004       0.86936790665892794       0.88123897542448781     
   3.1099999304860830       0.87286105847674589       0.88482454402449595     
   3.1199999302625656       0.87634547429501941       0.88840728213150988     
   3.1299999300390482       0.87983104211323293       0.89198715520409089     
   3.1399999298155308       0.88331267393165169       0.89556412902168703     
   3.1499999295920134       0.88678523375054352       0.89913816968262150     
   3.1599999293684959       0.89025617756951969       0.90270924360209248     
   3.1699999291449785       0.89372288938871658       0.90627731751018281     
   3.1799999289214611       0.89719290520774120       0.90984235844988159     
   3.1899999286979437       0.90065596902712830       0.91340433377511610     
   3.1999999284744263       0.90412476884621629       0.91696321114879431     
   3.2099999282509089       0.90759156866540858       0.92051895854085830     
   3.2199999280273914       0.91106401648430635       0.92407154422634830     
   3.2299999278038740       0.91453432830331549       0.92762093678347712     
   3.2399999275803566       0.91799724012271056       0.93116710509171519     
   3.2499999273568392       0.92146303994195500       0.93471001832988609     
   3.2599999271333218       0.92493428776091535       0.93824964597427252     
   3.2699999269098043       0.92840833557972968       0.94178595779673224     
   3.2799999266862869       0.93188775939826363       0.94531892386282512     
   3.2899999264627695       0.93536726321679331       0.94884851452994945     
   3.2999999262392521       0.93884942303518448       0.95237470044548933     
   3.3099999260157347       0.94233154285357779       0.95589745254497160     
   3.3199999257922173       0.94581355867197647       0.95941674205023297     
   3.3299999255686998       0.94928475049093974       0.96293254046759746     
   3.3399999253451824       0.95274766231033481       0.96644481958606376     
   3.3499999251216650       0.95621558212946867       0.96995355147550222     
   3.3599999248981476       0.95967503794904396       0.97345870848486182     
   3.3699999246746302       0.96313400576864472       0.97696026324038765     
   3.3799999244511127       0.96658971758841528       0.98045818864384693     
   3.3899999242275953       0.97004209340835978       0.98395245787076602     
   3.3999999240040779       0.97348833322862438       0.98744304436867614     
   3.4099999237805605       0.97693106904907168       0.99092992185536954     
   3.4199999235570431       0.98037295686956327       0.99441306431716470     
   3.4299999233335257       0.98380844469038864       0.99789244600718108     
   3.4399999231100082       0.98723743651155282        1.0013680414436239     
   3.4499999228864908       0.99066535633277286        1.0048398254080775     
   3.4599999226629734       0.99408937215419646        1.0083077729438092     
   3.4699999224394560       0.99751217997568309        1.0117718593540814     
   3.4799999222159386        1.0009253637976716        1.0152320602004736     
   3.4899999219924212        1.0043343956198767        1.0186883513012139     
   3.4999999217689037        1.0077335954425946        1.0221407087295191     
   3.5099999215453863        1.0111256592656845        1.0255891088119440     
   3.5199999213218689        1.0145161230888580        1.0290335281267402     
   3.5299999210983515        1.0178964509125601        1.0324739435022243     
   3.5399999208748341        1.0212552027373876        1.0359103320151539     
   3.5499999206513166        1.0246064025626089        1.0393426709891138     
   3.5599999204277992        1.0279584983877834        1.0427709379929102     
   3.5699999202042818        1.0313028742133605        1.0461951108389749     
   3.5799999199807644        1.0346508900387479        1.0496151675817766     
   3.5899999197572470        1.0379910258645462        1.0530310865162436     
   3.5999999195337296        1.0413174256910609        1.0564428461761919     
   3.6099999193102121        1.0446444015175456        1.0598504253327654     
   3.6199999190866947        1.0479632173444557        1.0632538029928820     
   3.6299999188631773        1.0512824891713421        1.0666529583976900     
   3.6399999186396599        1.0545963449985112        1.0700478710210326     
   3.6499999184161425        1.0579134648255100        1.0734385205679209     
   3.6599999181926250        1.0612250326527983        1.0768248869730148     
   3.6699999179691076        1.0645397764799209        1.0802069503991136     
   3.6799999177455902        1.0678547203070332        1.0835846912356542     
   3.6899999175220728        1.0711521041350613        1.0869580900972171     
   3.6999999172985554        1.0744525039629320        1.0903271278220423     
   3.7099999170750380        1.0777469837911116        1.0936917854705517     
   3.7199999168515205        1.0810354636196040        1.0970520443238811     
   3.7299999166280031        1.0843208474482580        1.1004078858824198     
   3.7399999164044857        1.0876030712770766        1.1037592918643577     
   3.7499999161809683        1.0908880711057505        1.1071062442042423     
   3.7599999159574509        1.0941607749350657        1.1104487250515418     
   3.7699999157339334        1.0974301187645561        1.1137867167692175     
   3.7799999155104160        1.1006960385942250        1.1171202019323032     
   3.7899999152868986        1.1039554384242340        1.1204491633264939     
   3.7999999150633812        1.1072173582541116        1.1237735839467409     
   3.8099999148398638        1.1104573820851311        1.1270934469958553     
   3.8199999146163464        1.1136936859163447        1.1304087358831205     
   3.8299999143928289        1.1169323337474359        1.1337194342229100     
   3.8399999141693115        1.1201517895795283        1.1370255258333151     
   3.8499999139457941        1.1233703894116653        1.1403269947347798     
   3.8599999137222767        1.1265880852438495        1.1436238251487425     
   3.8699999134987593        1.1298017330762447        1.1469160014962863     
   3.8799999132752419        1.1330112689088543        1.1502035083967961     
   3.8899999130517244        1.1362166287416817        1.1534863306666239     
   3.8999999128282070        1.1394146285748930        1.1567644533177615     
   3.9099999126046896        1.1426020604086555        1.1600378615565199     
   3.9199999123811722        1.1457913722423199        1.1633065407822174     
   3.9299999121576548        1.1489762440762159        1.1665704765858740     
   3.9399999119341373        1.1521503079106756        1.1698296547489131     
   3.9499999117106199        1.1553166277455391        1.1730840612418720     
   3.9599999114871025        1.1584782915806455        1.1763336822231176     
   3.9699999112635851        1.1616447634155012        1.1795785040375710     
   3.9799999110400677        1.1648064752506051        1.1828185132154381     
   3.9899999108165503        1.1679537870864600        1.1860536964709483     
   3.9999999105930328        1.1710833869232387        1.1892840407010996     
   4.0099999103695154        1.1742079787602784        1.1925095329844118     
   4.0199999101459980        1.1773339305972472        1.1957301605796848     
   4.0299999099224806        1.1804579864343150        1.1989459109247664     
   4.0399999096989632        1.1835833302713157        1.2021567716353250     
   4.0499999094754457        1.1867131701080817        1.2053627305036303     
   4.0599999092519283        1.1898442419447837        1.2085637754973408     
   4.0699999090284109        1.1929569777824418        1.2117598947582982     
   4.0799999088048935        1.1960675696202119        1.2149510766013278     
   4.0899999085813761        1.1991759694580961        1.2181373095130472     
   4.0999999083578587        1.2022755692964393        1.2213185821506805     
   4.1099999081343412        1.2053728651349027        1.2244948833408791     
   4.1199999079108238        1.2084645129736606        1.2276662020785509     
   4.1299999076873064        1.2115603608121996        1.2308325275256942     
   4.1399999074637890        1.2146504566510385        1.2339938490102393     
   4.1499999072402716        1.2177247764907002        1.2371501560248963     
   4.1599999070167542        1.2207998483303226        1.2403014382260098     
   4.1699999067932367        1.2238689681702555        1.2434476854324195     
   4.1799999065697193        1.2269287280106767        1.2465888876243276     
   4.1899999063462019        1.2299823998514152        1.2497250349421738     
   4.1999999061226845        1.2330164796931755        1.2528561176855140     
   4.2099999058991671        1.2360476795350861        1.2559821263119084     
   4.2199999056756496        1.2390759513771494        1.2591030514358139     
   4.2299999054521322        1.2420978632195445        1.2622188838274837     
   4.2399999052286148        1.2451133510622745        1.2653296144118729     
   4.2499999050050974        1.2481257509051655        1.2684352342675504     
   4.2599999047815800        1.2511145667492867        1.2715357346256175     
   4.2699999045580626        1.2540933185939327        1.2746311068686313     
   4.2799999043345451        1.2570721984385720        1.2777213425295364     
   4.2899999041110277        1.2600546062830273        1.2808064332906008     
   4.2999999038875103        1.2630302061278378        1.2838863709823587     
   4.3099999036639929        1.2659989339730064        1.2869611475825593     
   4.3199999034404755        1.2689607258185369        1.2900307552151218     
   4.3299999032169580        1.2719189816642518        1.2930951861490960     
   4.3399999029934406        1.2748701815103347        1.2961544327976298     
   4.3499999027699232        1.2778073013571520        1.2992084877169403     
   4.3599999025464058        1.2807441972039810        1.3022573436052944     
   4.3699999023228884        1.2836843330506409        1.3053009933019919     
   4.3799999020993710        1.2866171808976810        1.3083394297863564     
   4.3899999018758535        1.2895461887449213        1.3113726461767314     
   4.3999999016523361        1.2924677885925480        1.3144006357294822     
   4.4099999014288187        1.2953889724401964        1.3174233918380034     
   4.4199999012053013        1.2982955642886058        1.3204409080317330     
   4.4299999009817839        1.3012016441370420        1.3234531779751706     
   4.4399999007582664        1.3040965239860622        1.3264601954669031     
   4.4499999005347490        1.3069872438352994        1.3294619544386341     
   4.4599999003112316        1.3098773236845700        1.3324584489542208     
   4.4699999000877142        1.3127667315338756        1.3354496732087153     
   4.4799998998641968        1.3156446833837787        1.3384356215274116     
   4.4899998996406794        1.3185254672335340        1.3414162883648981     
   4.4999998994171619        1.3213982670837059        1.3443916683041164     
   4.5099998991936445        1.3242702349339210        1.3473617560554241     
   4.5199998989701271        1.3271413387841813        1.3503265464556644     
   4.5299998987466097        1.3299970506352443        1.3532860344672406     
   4.5399998985230923        1.3328409064869258        1.3562402151771951     
   4.5499998982995749        1.3356764663390397        1.3591890837962954     
   4.5599998980760574        1.3385109621912092        1.3621326356581245     
   4.5699998978525400        1.3413333940440080        1.3650708662181759     
   4.5799998976290226        1.3441546738968668        1.3680037710529556     
   4.5899998974055052        1.3469674257501705        1.3709313458590879     
   4.5999998971819878        1.3497679056041141        1.3738535864524268     
   4.6099998969584703        1.3525597214585094        1.3767704887671728     
   4.6199998967349529        1.3553538973127819        1.3796820488549946     
   4.6299998965114355        1.3581504171669321        1.3825882628841559     
   4.6399998962879181        1.3609232810223160        1.3854891271386480     
   4.6499998960644007        1.3636760808787463        1.3883846380173261     
   4.6599998958408833        1.3664198887356456        1.3912747920330519     
   4.6699998956173658        1.3691658485924325        1.3941595858118407     
   4.6799998953938484        1.3718952244500844        1.3970390160920136     
   4.6899998951703310        1.3746191763080191        1.3999130797233545     
   4.6999998949468136        1.3773338961664354        1.4027817736662722     
   4.7099998947232962        1.3800393200253365        1.4056450949909673     
   4.7199998944997787        1.3827353838847258        1.4085030408766046     
   4.7299998942762613        1.3854258077444093        1.4113556086104886     
   4.7399998940527439        1.3881105436043895        1.4142027955872463     
   4.7499998938292265        1.3907819434650650        1.4170445993080127     
   4.7599998936057091        1.3934475433260431        1.4198810173796230     
   4.7699998933821917        1.3961072951873263        1.4227120475138073     
   4.7799998931586742        1.3987573270491165        1.4255376875263921     
   4.7899998929351568        1.4013860789120163        1.4283579353365050     
   4.7999998927116394        1.4039972787758317        1.4311727889657853     
   4.8099998924881220        1.4065985266401659        1.4339822465375986     
   4.8199998922646046        1.4091974705046204        1.4367863062762563     
   4.8299998920410872        1.4117979423689953        1.4395849665062386     
   4.8399998918175697        1.4143960542334932        1.4423782256514242     
   4.8499998915940523        1.4169917740981159        1.4451660822343231     
   4.8599998913705349        1.4195734059634733        1.4479485348753138     
   4.8699998911470175        1.4221486618291632        1.4507255822918861     
   4.8799998909235001        1.4247135896953917        1.4534972232978869     
   4.8899998906999826        1.4272759495617542        1.4562634568027724     
   4.8999998904764652        1.4298396294280478        1.4590242818108625     
   4.9099998902529478        1.4324046132942734        1.4617796974206021     
   4.9199998900294304        1.4349590771610476        1.4645297028238240     
   4.9299998898059130        1.4375069010281682        1.4672742973050190     
   4.9399998895823956        1.4400440848958438        1.4700134802406080     
   4.9499998893588781        1.4425784847636645        1.4727472510982200     
   4.9599998891353607        1.4451140366314250        1.4754756094359736     
   4.9699998889118433        1.4476387964997486        1.4781985549017631     
   4.9799998886883259        1.4501566843684306        1.4809160872325489     
   4.9899998884648085        1.4526796282368488        1.4836282062536514     
   4.9999998882412910        1.4552036281052119        1.4863349118780507     
   5.0099998880177736        1.4577246599737299        1.4890362041056886     
   5.0199998877942562        1.4602386758426138        1.4917320830227760     
   5.0299998875707388        1.4627536757114463        1.4944225488011047     
   5.0399998873472214        1.4652615795806490        1.4971076016973619     
   5.0499998871237040        1.4677704194498027        1.4997872420524498     
   5.0599998869001865        1.4702842273186973        1.5024614702908099     
   5.0699998866766691        1.4727989471875444        1.5051302869197491     
   5.0799998864531517        1.4753145630563449        1.5077936925287732     
   5.0899998862296343        1.4778188429257366        1.5104516877889209     
   5.0999998860061169        1.4803158027955101        1.5131042734521047     
   5.1099998857825994        1.4828053946656679        1.5157514503504534     
   5.1199998855590820        1.4852875705362123        1.5183932193956606     
   5.1299998853355646        1.4877581784073601        1.5210295815783357     
   5.1399998851120472        1.4902253782786856        1.5236605379673591     
   5.1499998848885298        1.4926808981506203        1.5262860897092423     
   5.1599998846650124        1.4951246740231674        1.5289062380274903     
   5.1699998844414949        1.4975690498956833        1.5315209842219688     
   5.1799998842179775        1.5000057217686009        1.5341303296682753     
   5.1899998839944601        1.5024304896421394        1.5367342758171134     
   5.1999998837709427        1.5048432895163022        1.5393328241936715     
   5.2099998835474253        1.5072482253908750        1.5419259763970046     
   5.2199998833239079        1.5096494252656427        1.5445137340994208     
   5.2299998831003904        1.5120510411403887        1.5470960990458706     
   5.2399998828768730        1.5144404810157697        1.5496730730533403     
   5.2499998826533556        1.5168302808911318        1.5522446580102494     
   5.2599998824298382        1.5192078007671346        1.5548108558758504     
   5.2699998822063208        1.5215729766437811        1.5573716686796344     
   5.2799998819828033        1.5239172965215153        1.5599270985207381     
   5.2899998817592859        1.5262491283999009        1.5624771475673560     
   5.2999998815357685        1.5285811282782775        1.5650218180561555     
   5.3099998813122511        1.5309132801566463        1.5675611122916953     
   5.3199998810887337        1.5332370560354520        1.5700950326458478     
   5.3299998808652163        1.5355566719144746        1.5726235815572256     
   5.3399998806416988        1.5378720957937160        1.5751467615306098     
   5.3499998804181814        1.5401747356736240        1.5776645751363838     
   5.3599998801946640        1.5424688155539783        1.5801770250099689     
   5.3699998799711466        1.5447499914350058        1.5826841138512648     
   5.3799998797476292        1.5470268073162605        1.5851858444240918     
   5.3899998795241117        1.5493078551972945        1.5876822195556386     
   5.3999998793005943        1.5515758550790091        1.5901732421359112     
   5.4099998790770769        1.5538393989609560        1.5926589151171870     
   5.4199998788535595        1.5560897828435893        1.5951392415134718     
   5.4299998786300421        1.5583443187260062        1.5976142243999589     
   5.4399998784065247        1.5605986546084334        1.6000838669124935     
   5.4499998781830072        1.5628484144910992        1.6025481722470392     
   5.4599998779594898        1.5650979343737776        1.6050071436591478     
   5.4699998777359724        1.5673253182576106        1.6074607844634328     
   5.4799998775124550        1.5695480061416884        1.6099090980330457     
   5.4899998772889376        1.5717527900267001        1.6123520877991566     
   5.4999998770654202        1.5739439899124201        1.6147897572504362     
   5.5099998768419027        1.5761303577983921        1.6172221099325428     
   5.5199998766183853        1.5783206936841572        1.6196491494476111     
   5.5299998763948679        1.5805149975697153        1.6220708794537453     
   5.5399998761713505        1.5827088374552976        1.6244873036645147     
   5.5499998759478331        1.5849021973409050        1.6268984258484522     
   5.5599998757243156        1.5870950612265382        1.6293042498285573     
   5.5699998755007982        1.5892785011126629        1.6317047794817996     
   5.5799998752772808        1.5914613969988161        1.6341000187386283     
   5.5899998750537634        1.5936392608852317        1.6364899715824830     
   5.5999998748302460        1.5958120607719113        1.6388746420493081     
   5.6099998746067286        1.5979842526586225        1.6412540342270696     
   5.6199998743832111        1.6001513245456009        1.6436281522552763     
   5.6299998741596937        1.6023222524323781        1.6459970003245021     
   5.6399998739361763        1.6044880123194249        1.6483605826759136     
   5.6499998737126589        1.6066485722067430        1.6507189036007979     
   5.6599998734891415        1.6088039000943339        1.6530719674400964     
   5.6699998732656240        1.6109539639821993        1.6554197785839389     
   5.6799998730421066        1.6131078198698670        1.6577623414711817     
   5.6899998728185892        1.6152609157575744        1.6600996605889495     
   5.6999998725950718        1.6174041156457977        1.6624317404721782     
   5.7099998723715544        1.6195510755338249        1.6647585857031624     
   5.7199998721480370        1.6216972194218948        1.6670802009111048     
   5.7299998719245195        1.6238425313100080        1.6693965907716684     
   5.7399998717010021        1.6259778111986445        1.6717077600065324     
   5.7499998714774847        1.6281122110873270        1.6740137133829498     
   5.7599998712539673        1.6302503229758156        1.6763144557133083     
   5.7699998710304499        1.6323829148645923        1.6786099918546940     
   5.7799998708069324        1.6345007067541408        1.6809003267084581     
   5.7899998705834150        1.6366128986439814        1.6831854652197862     
   5.7999998703598976        1.6387148185343576        1.6854654123772694     
   5.8099998701363802        1.6408157144247875        1.6877401732124797     
   5.8199998699128628        1.6429016023159999        1.6900097527995470     
   5.8299998696893454        1.6449770822077552        1.6922741562547396     
   5.8399998694658279        1.6470467780998121        1.6945333887360461     
   5.8499998692423105        1.6491106579921724        1.6967874554427613     
   5.8599998690187931        1.6511686898848377        1.6990363616150745     
   5.8699998687952757        1.6532302337773197        1.7012801125336594     
   5.8799998685717583        1.6552858816701093        1.7035187135192678     
   5.8899998683482409        1.6573403135629623        1.7057521699323255     
   5.8999998681247234        1.6593982334556334        1.7079804871725306     
   5.9099998679012060        1.6614501853486159        1.7102036706784545     
   5.9199998676776886        1.6634914012421582        1.7124217259271455     
   5.9299998674541712        1.6655265771360155        1.7146346584337351     
   5.9399998672306538        1.6675651850296938        1.7168424737510466     
   5.9499998670071363        1.6695834249244343        1.7190451774692062     
   5.9599998667836189        1.6716002888192467        1.7212427752152566     
   5.9699998665601015        1.6736109847143807        1.7234352726527735     
   5.9799998663365841        1.6756202646095886        1.7256226754814836     
   5.9899998661130667        1.6776233205051210        1.7278049894368865     
   5.9999998658895493        1.6796249204007294        1.7299822202898778     
   6.0099998656660318        1.6816250482964146        1.7321543738463752     
   6.0199998654425144        1.6836236881921773        1.7343214559469466     
   6.0299998652189970        1.6856160000882701        1.7364834724664420     
   6.0399998649954796        1.6876019519846945        1.7386404293136251     
   6.0499998647719622        1.6895815118814523        1.7407923324308101     
   6.0599998645484447        1.6915546477785453        1.7429391877934997     
   6.0699998643249273        1.6935261836757216        1.7450810014100244     
   6.0799998641014099        1.6954961035729823        1.7472177793211863     
   6.0899998638778925        1.6974643914703280        1.7493495275999031     
   6.0999998636543751        1.6994310313677596        1.7514762523508567     
   6.1099998634308577        1.7013911192655331        1.7535979597101417     
   6.1199998632073402        1.7033495191633945        1.7557146558449173     
   6.1299998629838228        1.7053062150613449        1.7578263469530624     
   6.1399998627603054        1.7072611909593851        1.7599330392628314     
   6.1499998625367880        1.7092095108577723        1.7620347390325128     
   6.1599998623132706        1.7111462147567653        1.7641314525500906     
   6.1699998620897532        1.7130761906561092        1.7662231861329074     
   6.1799998618662357        1.7150043505555479        1.7683099461273293     
   6.1899998616427183        1.7169257264553404        1.7703917389084141     
   6.1999998614192009        1.7188452463552295        1.7724685708795807     
   6.2099998611956835        1.7207628942552164        1.7745404484722813     
   6.2199998609721661        1.7226736781555614        1.7766073781456755     
   6.2299998607486486        1.7245775660562659        1.7786693663863065     
   6.2399998605251312        1.7264745259573318        1.7807264197077797     
   6.2499998603016138        1.7283645258587605        1.7827785446504429     
   6.2599998600780964        1.7302375177610765        1.7848257477810694     
   6.2699998598545790        1.7320984536640212        1.7868680356925426     
   6.2799998596310616        1.7339623575668111        1.7889054150035428     
   6.2899998594075441        1.7358241974697086        1.7909378923582364     
   6.2999998591840267        1.7376789173729774        1.7929654744259669     
   6.3099998589605093        1.7395365812760928        1.7949881679009476     
   6.3199998587369919        1.7413921331793183        1.7970059795019573     
   6.3299998585134745        1.7432455570826546        1.7990189159720373     
   6.3399998582899570        1.7450968369861029        1.8010269840781907     
   6.3499998580664396        1.7469459568896637        1.8030301906110833     
   6.3599998578429222        1.7487929007933380        1.8050285423847470     
   6.3699998576194048        1.7506376526971268        1.8070220462362854     
   6.3799998573958874        1.7524853006007644        1.8090107090255803     
   6.3899998571723700        1.7543153965053173        1.8109945376350014     
   6.3999998569488525        1.7561432364099880        1.8129735389691175     
   6.4099998567253351        1.7579688043147772        1.8149477199544091     
   6.4199998565018177        1.7597920842196857        1.8169170875389840     
   6.4299998562783003        1.7616079161249827        1.8188816486922936     
   6.4399998560547829        1.7634214200304010        1.8208414104048525     
   6.4499998558312654        1.7652222599364800        1.8227963796879587     
   6.4599998556077480        1.7670258918424133        1.8247465635734164     
   6.4699998553842306        1.7688271397484709        1.8266919691132606     
   6.4799998551607132        1.7706259876546537        1.8286326033794837     
   6.4899998549371958        1.7724172275612333        1.8305684734637635     
   6.4999998547136784        1.7741956274684825        1.8324995864771931     
   6.5099998544901609        1.7759715553758606        1.8344259495500137     
   6.5199998542666435        1.7777449952833686        1.8363475698313476     
   6.5299998540431261        1.7795159311910071        1.8382644544889342     
   6.5399998538196087        1.7812895790985042        1.8401766107088671     
   6.5499998535960913        1.7830449790069529        1.8420840456953340     
   6.5599998533725739        1.7848030589152619        1.8439867666703571     
   6.5699998531490564        1.7865585628237053        1.8458847808735361     
   6.5799998529255390        1.7883167387320094        1.8477780955617928     
   6.5899998527020216        1.7900723146404489        1.8496667180091173     
   6.5999998524785042        1.7918252745490248        1.8515506555063164     
   6.6099998522549868        1.7935756024577381        1.8534299153607630     
   6.6199998520314693        1.7953285783663133        1.8553045048961476     
   6.6299998518079519        1.7970682902755803        1.8571744314522325     
   6.6399998515844345        1.7988106261847105        1.8590397023846055     
   6.6499998513609171        1.8005555860937037        1.8609003250644374     
   6.6599998511373997        1.8023031700025600        1.8627563068782398     
   6.6699998509138823        1.8040480419115579        1.8646076552276261     
   6.6799998506903648        1.8057688098218128        1.8664543775290721     
   6.6899998504668474        1.8074868017322125        1.8682964812136800     
   6.6999998502433300        1.8091966416430374        1.8701339737269433     
   6.7099998500198126        1.8108929295545690        1.8719668625285137     
   6.7199998497962952        1.8125756174668100        1.8737951550919689     
   6.7299998495727777        1.8142500413794820        1.8756188589045828     
   6.7399998493492603        1.8159215612923054        1.8774379814670974     
   6.7499998491257429        1.8175955612049994        1.8792525302934953     
   6.7599998489022255        1.8192720411175642        1.8810625129107750     
   6.7699998486787081        1.8209455850302820        1.8828679368587271     
   6.7799998484551907        1.8226161769431539        1.8846688096897120     
   6.7899998482316732        1.8242783688564639        1.8864651389684395     
   6.7999998480081558        1.8259430087696462        1.8882569322717497     
   6.8099998477846384        1.8276046486829849        1.8900441971883963     
   6.8199998475611210        1.8292523605970501        1.8918269413188298     
   6.8299998473376036        1.8309024885109892        1.8936051722749834     
   6.8399998471140862        1.8325495604250877        1.8953788976800610     
   6.8499998468905687        1.8341935603393464        1.8971481251683247     
   6.8599998466670513        1.8358399602534801        1.8989128623848861     
   6.8699998464435339        1.8374777681680616        1.9006731169854971     
   6.8799998462200165        1.8391179600825189        1.9024288966363441     
   6.8899998459964991        1.8407495119974269        1.9041802090138416     
   6.8999998457729816        1.8423723919127870        1.9059270618044291     
   6.9099998455494642        1.8439976238280245        1.9076694627043684     
   6.9199998453259468        1.8456252077431394        1.9094074194195432     
   6.9299998451024294        1.8472495996584208        1.9111409396652590     
   6.9399998448789120        1.8488652315741592        1.9128700311660454     
   6.9499998446553946        1.8504776314900659        1.9145947016554592     
   6.9599998444318771        1.8520700794070133        1.9163149588758897     
   6.9699998442083597        1.8536592393241322        1.9180308105783648     
   6.9799998439848423        1.8552450952414234        1.9197422645223581     
   6.9899998437613249        1.8568332231585962        1.9214493284755989     
   6.9999998435378075        1.8584236230756503        1.9231520102138819     
   7.0099998433142900        1.8600162949925860        1.9248503175208791     
   7.0199998430907726        1.8616056229096962        1.9265442581879533     
   7.0299998428672552        1.8631972148266882        1.9282338400139722     
   7.0399998426437378        1.8647854387438558        1.9299190708051253     
   7.0499998424202204        1.8663702786612000        1.9315999583747394     
   7.0599998421967030        1.8679460705790161        1.9332765105430993     
   7.0699998419731855        1.8695184384970107        1.9349487351372661     
   7.0799998417496681        1.8710930304148894        1.9366166399908993     
   7.0899998415261507        1.8726641743329477        1.9382802329440789     
   7.0999998413026333        1.8742318542511869        1.9399395218431301     
   7.1099998410791159        1.8757960541696075        1.9415945145404474     
   7.1199998408555984        1.8773567580882105        1.9432452188943219     
   7.1299998406320810        1.8789082460072941        1.9448916427687688     
   7.1399998404085636        1.8804619099262643        1.9465337940333567     
   7.1499998401850462        1.8820177498451209        1.9481716805630374     
   7.1599998399615288        1.8835643097644617        1.9498053102379782     
   7.1699998397380114        1.8851130296836895        1.9514346909433942     
   7.1799998395144939        1.8866581656031045        1.9530598305693827     
   7.1899998392909765        1.8881939495230071        1.9546807370107588     
   7.1999998390674591        1.8897261094430988        1.9562974181668913     
   7.2099998388439417        1.8912603973630795        1.9579098819415410     
   7.2199998386204243        1.8927910372832504        1.9595181362426999     
   7.2299998383969069        1.8943180132036124        1.9611221889824308     
   7.2399998381733894        1.8958471011238642        1.9627220480767098     
   7.2499998379498720        1.8973725010443083        1.9643177214452681     
   7.2599998377263546        1.8989000049646427        1.9659092170114361     
   7.2699998375028372        1.9004296128848674        1.9674965427019884     
   7.2799998372793198        1.9019555008052862        1.9690797064469905     
   7.2899998370558023        1.9034776527258999        1.9706587161796456     
   7.2999998368322849        1.9050018926464045        1.9722335798361437     
   7.3099998366087675        1.9065282205668004        1.9738043053555105     
   7.3199998363852501        1.9080507804873927        1.9753709006794595     
   7.3299998361617327        1.9095695564081825        1.9769333737522428     
   7.3399998359382153        1.9110845323291703        1.9784917325205051     
   7.3499998357146978        1.9125956922503571        1.9800459849331378     
   7.3599998354911804        1.9141030201717437        1.9815961389411341     
   7.3699998352676630        1.9156065000933311        1.9831422024974459     
   7.3799998350441456        1.9171120200148122        1.9846841835568414     
   7.3899998348206282        1.9186077559368035        1.9862220900757639     
   7.3999998345971107        1.9200936758593068        1.9877559300121914     
   7.4099998343735933        1.9215697477823237        1.9892857113254978     
   7.4199998341500759        1.9230478117052368        1.9908114419763150     
   7.4299998339265585        1.9245278676280457        1.9923331299263953     
   7.4399998337030411        1.9260039635510613        1.9938507831384769     
   7.4499998334795237        1.9274820434739734        1.9953644095761478     
   7.4599998332560062        1.9289621073967822        1.9968740172037134     
   7.4699998330324888        1.9304441553194873        1.9983796139860623     
   7.4799998328089714        1.9319281872420890        1.9998812078885364     
   7.4899998325854540        1.9333962271655247        2.0013788068767995     
   7.4999998323619366        1.9348602270891713        2.0028724189167071     
   7.5099998321384192        1.9363201710130293        2.0043620519741796     
   7.5199998319149017        1.9377760429370996        2.0058477140150734     
   7.5299998316913843        1.9392338508610689        2.0073294130050550     
   7.5399998314678669        1.9406815307855665        2.0088071569094761     
   7.5499998312443495        1.9421250907102789        2.0102809536932478     
   7.5599998310208321        1.9435584666355226        2.0117508113207188     
   7.5699998307973146        1.9449937385606673        2.0132167377555517     
   7.5799998305737972        1.9464187784863456        2.0146787409606017     
   7.5899998303502798        1.9478456984119259        2.0161368288977974     
   7.5999998301267624        1.9492744983374082        2.0175910095280201     
   7.6099998299032450        1.9507051782627924        2.0190412908109847     
   7.6199998296797276        1.9521377381880787        2.0204876807051240     
   7.6299998294562101        1.9535660741135852        2.0219301871674706     
   7.6399998292326927        1.9549901700393129        2.0233688181535419     
   7.6499998290091753        1.9564038899655816        2.0248035816172250     
   7.6599998287856579        1.9578194578917540        2.0262344855106633     
   7.6699998285621405        1.9592246018184700        2.0276615377841440     
   7.6799998283386230        1.9606315777450904        2.0290847463859851     
   7.6899998281151056        1.9620342336719363        2.0305041192624249     
   7.6999998278915882        1.9634387135986870        2.0319196643575124     
   7.7099998276680708        1.9648388495256643        2.0333313896129983     
   7.7199998274445534        1.9662408014525468        2.0347393029682257     
   7.7299998272210360        1.9676383853796571        2.0361434123600231     
   7.7399998269975185        1.9690315853069960        2.0375437257225988     
   7.7499998267740011        1.9704141852348878        2.0389402509874346     
   7.7599998265504837        1.9717985691626865        2.0403329960831811     
   7.7699998263269663        1.9731723050910406        2.0417219689355544     
   7.7799998261034489        1.9745478090193025        2.0431071774672325     
   7.7899998258799314        1.9759250809474722        2.0444886295977533     
   7.7999998256564140        1.9773041208755497        2.0458663332434148     
   7.8099998254328966        1.9786849288035351        2.0472402963171725     
   7.8199998252093792        1.9800549927320807        2.0486105267285422     
   7.8299998249858618        1.9814142806611883        2.0499770323834992     
   7.8399998247623444        1.9827627605908595        2.0513398211843823     
   7.8499998245388269        1.9841129605204411        2.0526989010297956     
   7.8599998243153095        1.9854585924502608        2.0540542798145136     
   7.8699998240917921        1.9867870483809764        2.0554059654293848     
   7.8799998238682747        1.9881045843122616        2.0567539657612373     
   7.8899998236447573        1.9894237922434594        2.0580982886927863     
   7.8999998234212399        1.9907320321752293        2.0594389421025401     
   7.9099998231977224        1.9920419281069128        2.0607759338647083     
   7.9199998229742050        1.9933534800385100        2.0621092718491103     
   7.9299998227506876        1.9946666879700208        2.0634389639210862     
   7.9399998225271702        1.9959815519014452        2.0647650179414057     
   7.9499998223036528        1.9972980718327833        2.0660874417661796     
   7.9599998220801353        1.9986098797643672        2.0674062432467721     
   7.9699998218566179        1.9999233356958652        2.0687214302297132     
   7.9799998216331005        2.0012384396272771        2.0700330105566125     
   7.9899998214095831        2.0025551915586033        2.0713409920640729     
   7.9999998211860657        2.0038735914898433        2.0726453825836058     
   8.0099998209625483        2.0051872314213317        2.0739461899415472     
   8.0199998207390308        2.0065025113527346        2.0752434219589739     
   8.0299998205155134        2.0078130072843869        2.0765370864516211     
   8.0399998202919960        2.0091187032162896        2.0778271912297996     
   8.0499998200684786        2.0104067031491151        2.0791137440983158     
   8.0599998198449612        2.0116963030818571        2.0803967528563900     
   8.0699998196214437        2.0129810470148524        2.0816762252975773     
   8.0799998193979263        2.0142673829477649        2.0829521692096886     
   8.0899998191744089        2.0155488388809317        2.0842245923747114     
   8.0999998189508915        2.0168253988143539        2.0854935025687333     
   8.1099998187273741        2.0180970467480321        2.0867589075618649     
   8.1199998185038567        2.0193702626816288        2.0880208151181621     
   8.1299998182803392        2.0206450466151438        2.0892792329955530     
   8.1399998180568218        2.0219148865489163        2.0905341689457617     
   8.1499998178333044        2.0231732464832879        2.0917856307142340     
   8.1599998176097870        2.0244266224179190        2.0930336260400648     
   8.1699998173862696        2.0256815343524703        2.0942781626559248     
   8.1799998171627522        2.0269314382872827        2.0955192482879883     
   8.1899998169392347        2.0281828702220155        2.0967568906558629     
   8.1999998167157173        2.0294358301566686        2.0979910974725176     
   8.2099998164921999        2.0306837500915846        2.0992218764442132     
   8.2199998162686825        2.0319266140267644        2.1004492352704331     
   8.2299998160451651        2.0331512379628953        2.1016731816438150     
   8.2399998158216476        2.0343773498989486        2.1028937232500819     
   8.2499998155981302        2.0356049498349242        2.1041108677679752     
   8.2599998153746128        2.0368274297711668        2.1053246228691873     
   8.2699998151510954        2.0380381577080224        2.1065349962182975     
   8.2799998149275780        2.0392304776458383        2.1077419954727046     
   8.2899998147040606        2.0404242375835788        2.1089456282825623     
   8.2999998144805431        2.0416194375212444        2.1101459022907156     
   8.3099998142570257        2.0428160774588346        2.1113428251326374     
   8.3199998140335083        2.0440075013966972        2.1125364044363644     
   8.3299998138099909        2.0451936933348325        2.1137266478224364     
   8.3399998135864735        2.0463813092728933        2.1149135629038334     
   8.3499998133629560        2.0475569892115768        2.1160971572859144     
   8.3599998131394386        2.0487340771501867        2.1172774385663584     
   8.3699998129159212        2.0499058770890728        2.1184544143351030     
   8.3799998126924038        2.0510656690285849        2.1196280921742856     
   8.3899998124688864        2.0522268449680250        2.1207984796581849     
   8.3999998122453690        2.0533826849077434        2.1219655843531631     
   8.4099998120218515        2.0545331728477407        2.1231294138176069     
   8.4199998117983341        2.0556715567883694        2.1242899756018727     
   8.4299998115748167        2.0568045487292794        2.1254472772482291     
   8.4399998113512993        2.0579186286711755        2.1266013262908006     
   8.4499998111277819        2.0590340286130027        2.1277521302555140     
   8.4599998109042645        2.0601304445558202        2.1288996966600426     
   8.4699998106807470        2.0612281564985699        2.1300440330137524     
   8.4799998104572296        2.0623203804416059        2.1311851468176486     
   8.4899998102337122        2.0633935163856374        2.1323230455643234     
   8.4999998100101948        2.0644679163296029        2.1334577367379022     
   8.5099998097866774        2.0655435802735025        2.1345892278139926     
   8.5199998095631599        2.0666136922176919        2.1357175262596342     
   8.5299998093396425        2.0676850601618155        2.1368426395332460     
   8.5399998091161251        2.0687508521062301        2.1379645750845770     
   8.5499998088926077        2.0698178920505796        2.1390833403546567     
   8.5599998086690903        2.0708793319952212        2.1401989427757466     
   8.5699998084455729        2.0719282999405131        2.1413113897712899     
   8.5799998082220554        2.0729784918857415        2.1424206887558652     
   8.5899998079985380        2.0740299078309059        2.1435268471351381     
   8.5999998077750206        2.0750825477760064        2.1446298723058144     
   8.6099998075515032        2.0761226357217617        2.1457297716555934     
   8.6199998073279858        2.0771570356678137        2.1468265525631223     
   8.6299998071044683        2.0781857316141630        2.1479202223979508     
   8.6399998068809509        2.0792087075608108        2.1490107885204854     
   8.6499998066574335        2.0802259475077576        2.1500982582819459     
   8.6599998064339161        2.0812305074553659        2.1511826390243205     
   8.6699998062103987        2.0822362274029134        2.1522639380803237     
   8.6799998059868813        2.0832361633507626        2.1533421627733520     
   8.6899998057633638        2.0842302992989143        2.1544173204174419     
   8.6999998055398464        2.0852255792470062        2.1554894183172282     
   8.7099998053163290        2.0862150351954023        2.1565584637679018     
   8.7199998050928116        2.0872056271437387        2.1576244640551701     
   8.7299998048692942        2.0881903710923804        2.1586874264552147     
   8.7399998046457767        2.0891762430409631        2.1597473582346529     
   8.7499998044222593        2.0901562429898521        2.1608042666504970     
   8.7599998041987419        2.0911303549390481        2.1618581589501149     
   8.7699998039752245        2.0920985628885522        2.1629090423711936     
   8.7799998037517071        2.0930678748379985        2.1639569241416985     
   8.7899998035281897        2.0940312587877541        2.1650018114798368     
   8.7999998033046722        2.0949957387374525        2.1660437115940203     
   8.8099998030811548        2.0959613146870937        2.1670826316828289     
   8.8199998028576374        2.0969209306370460        2.1681185789349726     
   8.8299998026341200        2.0978745705873099        2.1691515605292575     
   8.8399998024106026        2.0988151465382550        2.1701815836345495     
   8.8499998021870852        2.0997567864891447        2.1712086554097394     
   8.8599998019635677        2.1006994904399789        2.1722327830037074     
   8.8699998017400503        2.1016432583907578        2.1732539735552905     
   8.8799998015165329        2.1025809863418514        2.1742722341932481     
   8.8899998012930155        2.1035197702928898        2.1752875720362277     
   8.8999998010694981        2.1044524902442445        2.1762999941927337     
   8.9099998008459806        2.1053862581955447        2.1773095077610938     
   8.9199998006224632        2.1063210741467904        2.1783161198294274     
   8.9299998003989458        2.1072497940983537        2.1793198374756142     
   8.9399998001754284        2.1081795540498631        2.1803206677672620     
   8.9499997999519110        2.1091103540013183        2.1813186177616770     
   8.9599997997283936        2.1100421939527192        2.1823136945058330     
   8.9699997995048761        2.1109750739040658        2.1833059050363417     
   8.9799997992813587        2.1119018098557327        2.1842952563794227     
   8.9899997990578413        2.1128223858077209        2.1852817555508746     
   8.9999997988343239        2.1137439857596556        2.1862654095560456     
   9.0099997986108065        2.1146594017119131        2.1872462253898064     
   9.0199997983872890        2.1155758336641175        2.1882242100365210     
   9.0299997981637716        2.1164932816162687        2.1891993704700203     
   9.0399997979402542        2.1174117455683672        2.1901717136535734     
   9.0499997977167368        2.1183239855207900        2.1911412465398619     
   9.0599997974932194        2.1192372334731604        2.1921079760709534     
   9.0699997972697020        2.1201442334258567        2.1930719091782747     
   9.0799997970461845        2.1210522333785007        2.1940330527825873     
   9.0899997968226671        2.1219612333310924        2.1949914137939608     
   9.0999997965991497        2.1228566732843914        2.1959469991117486     
   9.1099997963756323        2.1237530972376391        2.1968998156245640     
   9.1199997961521149        2.1246432091912162        2.1978498702102547     
   9.1299997959285975        2.1255269931451233        2.1987971697358799     
   9.1399997957050800        2.1264117450989799        2.1997417210576864     
   9.1499997954815626        2.1272974650527861        2.2006835310210855     
   9.1599997952580452        2.1281841530065417        2.2016226064606306     
   9.1699997950345278        2.1290718089602469        2.2025589541999944     
   9.1799997948110104        2.1299530889142848        2.2034925810519472     
   9.1899997945874929        2.1308279768686558        2.2044234938183354     
   9.1999997943639755        2.1317038168229772        2.2053516992900586     
   9.2099997941404581        2.1325806087772490        2.2062772042470509     
   9.2199997939169407        2.1334509767318557        2.2072000154582589     
   9.2299997936934233        2.1343222886864130        2.2081201396816215     
   9.2399997934699059        2.1351871526413069        2.2090375836640495     
   9.2499997932463884        2.1360529525961520        2.2099523541414072     
   9.2599997930228710        2.1369196885509480        2.2108644578384924     
   9.2699997927993536        2.1377725285064688        2.2117739014690163     
   9.2799997925758362        2.1386262884619418        2.2126806917355872     
   9.2899997923523188        2.1394735364177544        2.2135848353296899     
   9.2999997921288013        2.1403216963735194        2.2144863389316689     
   9.3099997919052839        2.1411633203296252        2.2153852092107105     
   9.3199997916817665        2.1419983922860726        2.2162814528248256     
   9.3299997914582491        2.1428268962428629        2.2171750764208324     
   9.3399997912347317        2.1436562881996069        2.2180660866343396     
   9.3499997910112143        2.1444865681563043        2.2189544900897293     
   9.3599997907876968        2.1453102481133461        2.2198402934001429     
   9.3699997905641794        2.1461348080703422        2.2207235031674633     
   9.3799997903406620        2.1469527440276837        2.2216041259823003     
   9.3899997901171446        2.1477715519849796        2.2224821684239751     
   9.3999997898936272        2.1485912319422300        2.2233576370605057     
   9.4099997896701097        2.1494042558998276        2.2242305384485923     
   9.4199997894465923        2.1502181438573800        2.2251008791336022     
   9.4299997892230749        2.1510253518152807        2.2259686656495568     
   9.4399997889995575        2.1518258637735306        2.2268339045191174     
   9.4499997887760401        2.1526272237317365        2.2276966022535718     
   9.4599997885525227        2.1534294316898981        2.2285567653528213     
   9.4699997883290052        2.1542324876480157        2.2294144003053682     
   9.4799997881054878        2.1550212236068798        2.2302695135883019     
   9.4899997878819704        2.1558031995660967        2.2311221116672879     
   9.4999997876584530        2.1565859995252703        2.2319722009965557     
   9.5099997874349356        2.1573620154847979        2.2328197880188863     
   9.5199997872114182        2.1581388474442829        2.2336648791656013     
   9.5299997869879007        2.1589164954037252        2.2345074808565517     
   9.5399997867643833        2.1596873273635233        2.2353475995001069     
   9.5499997865408659        2.1604513273236776        2.2361852414931445     
   9.5599997863173485        2.1612084792841890        2.2370204132210385     
   9.5699997860938311        2.1619664232446594        2.2378531210576513     
   9.5799997858703136        2.1627098312058877        2.2386833713653225     
   9.5899997856467962        2.1634540151670754        2.2395111704948589     
   9.5999997854232788        2.1641989751282225        2.2403365247855267     
   9.6099997851997614        2.1649370230897302        2.2411594405650410     
   9.6199997849762440        2.1656604470520007        2.2419799241495579     
   9.6299997847527266        2.1663769190146338        2.2427979818436654     
   9.6399997845292091        2.1670941349772281        2.2436136199403758     
   9.6499997843056917        2.1678043749401863        2.2444268447211169     
   9.6599997840821743        2.1685076229035092        2.2452376624557244     
   9.6699997838586569        2.1692038628671972        2.2460460794024351     
   9.6799997836351395        2.1698930788312518        2.2468521018078782     
   9.6899997834116220        2.1705752547956734        2.2476557359070695     
   9.6999997831881046        2.1712426147608679        2.2484569879234035     
   9.7099997829645872        2.1719106627260265        2.2492558640686480     
   9.7199997827410698        2.1725638466919603        2.2500523705429369     
   9.7299997825175524        2.1732177026578592        2.2508465135347642     
   9.7399997822940350        2.1738722306237230        2.2516382992209785     
   9.7499997820705175        2.1745274305895519        2.2524277337667766     
   9.7599997818470001        2.1751754945557527        2.2532148233256994     
   9.7699997816234827        2.1758164065223267        2.2539995740396255     
   9.7799997813999653        2.1764579744888661        2.2547819920387666     
   9.7899997811764479        2.1770845344561884        2.2555620834416628     
   9.7999997809529305        2.1777117344234775        2.2563398543551787     
   9.8099997807294130        2.1783395743907330        2.2571153108744979     
   9.8199997805058956        2.1789680543579553        2.2578884590831194     
   9.8299997802823782        2.1795971743251439        2.2586593050528547     
   9.8399997800588608        2.1802269342922993        2.2594278548438234     
   9.8499997798353434        2.1808494542598322        2.2601941145044488     
   9.8599997796118259        2.1814726062273322        2.2609580900714570     
   9.8699997793883085        2.1820963901947992        2.2617197875698718     
   9.8799997791647911        2.1827049981630577        2.2624792130130129     
   9.8899997789412737        2.1833142221312842        2.2632363724024929     
   9.8999997787177563        2.1839240620994786        2.2639912717282158     
   9.9099997784942389        2.1845265900680544        2.2647439169683738     
   9.9199997782707214        2.1851297260365983        2.2654943140894459     
   9.9299997780472040        2.1857334700051108        2.2662424690461962     
   9.9399997778236866        2.1863378219735914        2.2669883877816721     
   9.9499997776001692        2.1869427819420402        2.2677320762272029     
   9.9599997773766518        2.1875403819108730        2.2684735403023990     
   9.9699997771531343        2.1881226298805063        2.2692127859151507     
   9.9799997769296169        2.1887054618501094        2.2699498189616278     
   9.9899997767060995        2.1892888778196817        2.2706846453262779     
   9.9999997764825821        2.1898728777892238        2.2714172708818272     
