   2.0000000000000000E-002   1.9798741200011613E+267  0.12535353500183574     
   2.9999999999999999E-002   2.9698111800017420E+267  0.18790707000367146     
   4.0000000000000001E-002   3.9597482400023226E+267  0.25046060500550715     
   5.0000000000000003E-002   4.9496853000029033E+267  0.31301414000734284     
   5.9999999999999998E-002   5.9396223600034839E+267  0.37556767500917854     
   7.0000000000000007E-002   6.9295594200040646E+267  0.43812121001101423     
   8.0000000000000002E-002   7.9194964800046452E+267  0.50067474501284992     
   8.9999999999999997E-002   8.9094335400052259E+267  0.56322828001468561     
  0.10000000000000001        9.8993706000058065E+267  0.62578181501652130     
  0.11000000000000000        1.0889307660006387E+268  0.68833535001835700     
  0.12000000000000000        1.1879244720006968E+268  0.75088888502019269     
  0.13000000000000000        1.2869181780007548E+268  0.81344242002202838     
  0.14000000000000001        1.3859118840008129E+268  0.87599595502386407     
  0.14999999999999999        1.4849055900008710E+268  0.93854949002569976     
  0.16000000000000000        1.5838992960009290E+268   1.0011030250275355     
  0.17000000000000001        1.6828930020009871E+268   1.0636565600293713     
  0.17999999999999999        1.7818867080010452E+268   1.1262100950312071     
  0.19000000000000000        1.8808804140011032E+268   1.1887636300330429     
  0.20000000000000001        1.9798741200011613E+268   1.2513171650348787     
  0.20999999999999999        2.0788678260012194E+268   1.3138707000367145     
  0.22000000000000000        2.1778615320012774E+268   1.3764242350385503     
  0.23000000000000001        2.2768552380013355E+268   1.4389777700403861     
  0.23999999999999999        2.3758489440013936E+268   1.5015313050422219     
  0.25000000000000000        2.4748426500014516E+268   1.5640848400440577     
  0.26000000000000001        2.5738363560015097E+268   1.6266383750458935     
  0.27000000000000002        2.6728300620015678E+268   1.6891919100477293     
  0.28000000000000003        2.7718237680016258E+268   1.7517454450495651     
  0.28999999999999998        2.8708174740016839E+268   1.8142989800514009     
  0.29999999999999999        2.9698111800017420E+268   1.8768525150532367     
  0.31000000000000000        3.0688048860018000E+268   1.9394060500550725     
  0.32000000000000001        3.1677985920018581E+268   2.0019595850569081     
  0.33000000000000002        3.2667922980019162E+268   2.0645131200587437     
  0.34000000000000002        3.3657860040019742E+268   2.1270666550605792     
  0.35000000000000003        3.4647797100020323E+268   2.1896201900624148     
  0.35999999999999999        3.5637734160020903E+268   2.2521737250642504     
  0.37000000000000000        3.6627671220021484E+268   2.3147272600660860     
  0.38000000000000000        3.7617608280022065E+268   2.3772807950679216     
  0.39000000000000001        3.8607545340022645E+268   2.4398343300697571     
  0.40000000000000002        3.9597482400023226E+268   2.5023878650715927     
  0.41000000000000003        4.0587419460023807E+268   2.5649414000734283     
  0.41999999999999998        4.1577356520024387E+268   2.6274949350752639     
  0.42999999999999999        4.2567293580024968E+268   2.6900484700770995     
  0.44000000000000000        4.3557230640025549E+268   2.7526020050789350     
  0.45000000000000001        4.4547167700026129E+268   2.8151555400807706     
  0.46000000000000002        4.5537104760026710E+268   2.8777090750826062     
  0.47000000000000003        4.6527041820027291E+268   2.9402626100844418     
  0.47999999999999998        4.7516978880027871E+268   3.0028161450862774     
  0.48999999999999999        4.8506915940028452E+268   3.0653696800881129     
  0.50000000000000000        4.9496853000029033E+268   3.1279232150899485     
  0.51000000000000001        5.0486790060029613E+268   3.1904767500917841     
  0.52000000000000002        5.1476727120030194E+268   3.2530302850936197     
  0.53000000000000003        5.2466664180030775E+268   3.3155838200954553     
  0.54000000000000004        5.3456601240031355E+268   3.3781373550972909     
  0.55000000000000004        5.4446538300031936E+268   3.4406908900991264     
  0.56000000000000005        5.5436475360032516E+268   3.5032444251009620     
  0.57000000000000006        5.6426412420033097E+268   3.5657979601027976     
  0.57999999999999996        5.7416349480033678E+268   3.6283514951046332     
  0.58999999999999997        5.8406286540034258E+268   3.6909050301064688     
  0.59999999999999998        5.9396223600034839E+268   3.7534585651083043     
  0.60999999999999999        6.0386160660035420E+268   3.8160121001101399     
  0.62000000000000000        6.1376097720036000E+268   3.8785656351119755     
  0.63000000000000000        6.2366034780036581E+268   3.9411191701138111     
  0.64000000000000001        6.3355971840037162E+268   4.0036727051156467     
  0.65000000000000002        6.4345908900037742E+268   4.0662262401174818     
  0.66000000000000003        6.5335845960038323E+268   4.1287797751193169     
  0.67000000000000004        6.6325783020038904E+268   4.1913333101211521     
  0.68000000000000005        6.7315720080039484E+268   4.2538868451229872     
  0.69000000000000006        6.8305657140040065E+268   4.3164403801248223     
  0.70000000000000007        6.9295594200040646E+268   4.3789939151266575     
  0.70999999999999996        7.0285531260041226E+268   4.4415474501284926     
  0.71999999999999997        7.1275468320041807E+268   4.5041009851303278     
  0.72999999999999998        7.2265405380042388E+268   4.5666545201321629     
  0.73999999999999999        7.3255342440042968E+268   4.6292080551339980     
  0.75000000000000000        7.4245279500043549E+268   4.6917615901358332     
  0.76000000000000001        7.5235216560044130E+268   4.7543151251376683     
  0.77000000000000002        7.6225153620044710E+268   4.8168686601395034     
  0.78000000000000003        7.7215090680045291E+268   4.8794221951413386     
  0.79000000000000004        7.8205027740045871E+268   4.9419757301431737     
  0.80000000000000004        7.9194964800046452E+268   5.0045292651450088     
  0.81000000000000005        8.0184901860047033E+268   5.0670828001468440     
  0.82000000000000006        8.1174838920047613E+268   5.1296363351486791     
  0.83000000000000007        8.2164775980048194E+268   5.1921898701505143     
  0.83999999999999997        8.3154713040048775E+268   5.2547434051523494     
  0.84999999999999998        8.4144650100049355E+268   5.3172969401541845     
  0.85999999999999999        8.5134587160049936E+268   5.3798504751560197     
  0.87000000000000000        8.6124524220050517E+268   5.4424040101578548     
  0.88000000000000000        8.7114461280051097E+268   5.5049575451596899     
  0.89000000000000001        8.8104398340051678E+268   5.5675110801615251     
  0.90000000000000002        8.9094335400052259E+268   5.6300646151633602     
  0.91000000000000003        9.0084272460052839E+268   5.6926181501651953     
  0.92000000000000004        9.1074209520053420E+268   5.7551716851670305     
  0.93000000000000005        9.2064146580054001E+268   5.8177252201688656     
  0.94000000000000006        9.3054083640054581E+268   5.8802787551707008     
  0.95000000000000007        9.4044020700055162E+268   5.9428322901725359     
  0.95999999999999996        9.5033957760055743E+268   6.0053858251743710     
  0.96999999999999997        9.6023894820056323E+268   6.0679393601762062     
  0.97999999999999998        9.7013831880056904E+268   6.1304928951780413     
  0.98999999999999999        9.8003768940057485E+268   6.1930464301798764     
   1.0000000000000000        9.8993706000058065E+268   6.2555999651817116     
